SYMBOL,DATE,Open,High,Low,Close,Traded Qty,Delivery Qty
SHEMAROO,20141001,180,182,171,171,1311237,0
SHEMAROO,20141007,162.45,162.45,162.45,162.45,71470,0
SHEMAROO,20141008,154.35,154.35,154.35,154.35,160175,0
SHEMAROO,20141009,146.65,158,146.65,156.05,568988,0
SHEMAROO,20141010,149.65,156,149.65,154,235579,0
SHEMAROO,20141013,155,159.65,152.7,157.8,74449,0
SHEMAROO,20141014,154.05,156.5,152.75,153.8,34303,0
SHEMAROO,20141016,153.8,154.85,147,148.65,34505,0
SHEMAROO,20141017,147,148.75,144,146.1,16504,0
SHEMAROO,20141020,148,153.4,148,153.4,10922,0
SHEMAROO,20141021,159,165,153.5,160.35,238290,93423
SHEMAROO,20141022,159.75,171,157.55,163.15,215936,83375
SHEMAROO,20141023,163.15,164.75,161,162.2,31129,26653
SHEMAROO,20141027,161.05,164.35,156.05,157.1,37560,25875
SHEMAROO,20141028,157.5,157.5,153.05,154.9,38793,25663
SHEMAROO,20141029,154.5,161.5,153.55,157.4,47083,31586
SHEMAROO,20141030,157.9,161.75,155.25,160.25,43939,31536
SHEMAROO,20141031,163.7,165.4,158.65,163.95,147988,112825
SHEMAROO,20141103,161.1,163.95,161,161.5,25458,18475
SHEMAROO,20141105,162.5,166,160.2,161.2,49138,40760
SHEMAROO,20141107,161.2,162.45,160,160.05,20402,14995
SHEMAROO,20141110,160.7,162.85,159.05,160.3,39621,35052
SHEMAROO,20141111,160.05,167,160,164.2,148843,124819
SHEMAROO,20141112,165.45,170.5,162.6,166.05,153740,61463
SHEMAROO,20141113,166,168.75,163,163.25,27158,16892
SHEMAROO,20141114,162.25,167.75,162.2,165.1,29516,22355
SHEMAROO,20141117,166,174.5,164,172.75,123998,75652
SHEMAROO,20141118,174,195.9,173.8,186.15,714880,172944
SHEMAROO,20141119,187.75,192.35,178,181.3,224149,77988
SHEMAROO,20141120,217.4,217.4,200.1,205.75,987159,363822
SHEMAROO,20141121,208.8,209.6,197.1,205.15,317856,132785
SHEMAROO,20141124,207.65,209,201.55,204.95,233866,103209
SHEMAROO,20141125,207,207,190.7,194.8,126856,55347
SHEMAROO,20141126,194.65,201,192.95,198.5,80191,0
SHEMAROO,20141127,198,207.5,198,203.95,131494,0
SHEMAROO,20141128,200,206,199,200.35,55345,0
SHEMAROO,20141201,200,203.9,192.65,193.8,44933,0
SHEMAROO,20141202,194.4,196.95,190.2,193.8,39010,17127
SHEMAROO,20141203,195,198,191,192.85,35610,0
SHEMAROO,20141204,194,195.1,185.95,187.15,43762,0
SHEMAROO,20141205,185,193.95,185,187.65,49225,23225
SHEMAROO,20141208,194.95,194.95,182.4,184.15,31163,0
SHEMAROO,20141209,182.3,183.15,172,176.1,60881,0
SHEMAROO,20141210,176.25,178.75,168.6,171.55,44811,0
SHEMAROO,20141211,172,172,161.1,167.9,56549,0
SHEMAROO,20141212,168.6,172.1,164,165.8,33840,0
SHEMAROO,20141215,164,167.95,161.1,161.9,22087,0
SHEMAROO,20141216,167.85,167.85,156.25,158.45,33326,0
SHEMAROO,20141217,157,159.8,145,154.6,32065,0
SHEMAROO,20141218,157.2,166,156.2,159.6,22346,0
SHEMAROO,20141219,165.3,165.3,158,158.95,37637,29364
SHEMAROO,20141222,159.75,164.7,159.6,161.7,27736,0
SHEMAROO,20141223,161.5,162.65,159,160.3,13274,0
SHEMAROO,20141224,159.55,161,158,159.25,20550,0
SHEMAROO,20141226,162.7,162.7,157,158.75,16238,0
SHEMAROO,20141229,157,161.5,157,160,12855,0
SHEMAROO,20141230,161,162,159.15,160.9,7318,0
SHEMAROO,20141231,161.75,164.3,160.25,163.3,21685,19465
SHEMAROO,20150101,163,176,162.05,169.35,34530,0
SHEMAROO,20150102,168.25,201,168.25,192.25,551543,171392
SHEMAROO,20150105,198.1,199.1,185.55,189.95,130395,0
SHEMAROO,20150106,188,188,173.95,176.35,200970,0
SHEMAROO,20150107,177.05,182,171.7,173.65,60327,0
SHEMAROO,20150108,178.75,193.9,178.75,186.5,245997,0
SHEMAROO,20150109,187.85,189.85,184.1,185.65,42208,0
SHEMAROO,20150112,183.1,187.5,183,184.3,29592,25720
SHEMAROO,20150113,182.1,189,181.6,186.25,24675,0
SHEMAROO,20150114,182.1,188.95,179,182.5,40140,0
SHEMAROO,20150115,194,194,182.5,184.2,13441,0
SHEMAROO,20150116,185.95,189,182.2,187.5,29509,0
SHEMAROO,20150119,187.05,197,187,195.1,209191,0
SHEMAROO,20150120,195.1,202.85,194.95,199.85,176968,0
SHEMAROO,20150121,203.5,239.8,196.05,239.8,1096546,526960
SHEMAROO,20150122,244.7,277.65,241.4,248.25,804594,0
SHEMAROO,20150123,250,293,247.95,265.9,1021658,0
SHEMAROO,20150127,269.8,271.2,245.95,251.9,110605,0
SHEMAROO,20150128,253.8,253.8,228.6,234.3,107602,0
SHEMAROO,20150129,234.05,252,227.3,238.6,339062,0
SHEMAROO,20150130,242.4,250.95,231.1,235.7,62665,0
SHEMAROO,20150202,235.95,236.9,230.15,233.85,20328,0
SHEMAROO,20150203,234,243.6,231.45,232.55,35111,0
SHEMAROO,20150204,235.35,238.5,223,227.9,111124,0
SHEMAROO,20150205,234.95,234.95,212.5,215.2,72723,0
SHEMAROO,20150206,215,215.45,206,208.4,113029,0
SHEMAROO,20150209,188.25,224,188.25,215.9,59146,0
SHEMAROO,20150210,216,221,206.95,209.45,29976,0
SHEMAROO,20150211,211.05,226,210.6,212.65,62636,34293
SHEMAROO,20150212,214.75,224.4,210,219.2,45779,0
SHEMAROO,20150213,219.95,223,215.45,217.2,33342,22786
SHEMAROO,20150216,217.05,221,213,214.95,13293,7900
SHEMAROO,20150218,214.95,218,209.2,210.95,23587,0
SHEMAROO,20150219,209.5,214.6,207.25,210.25,24864,19020
SHEMAROO,20150220,210.65,217,209,210.4,9135,0
SHEMAROO,20150223,210.05,212,198.8,203.4,10884,7827
SHEMAROO,20150224,203.55,217,199,203.15,159539,119561
SHEMAROO,20150225,208,208,203.05,204.5,8561,0
SHEMAROO,20150226,204.6,210.1,200.3,202.8,13134,0
SHEMAROO,20150227,204.05,207,199.9,203.2,11339,0
SHEMAROO,20150228,203.95,210.85,203.9,209.05,25477,17464
SHEMAROO,20150302,207,216.05,206.25,213.45,19976,13271
SHEMAROO,20150303,215.5,228.9,213,222.4,48221,22915
SHEMAROO,20150304,224.8,231.9,205.1,214.65,56731,19112
SHEMAROO,20150305,210.65,222.75,210.65,214.25,38540,0
SHEMAROO,20150309,214,232.5,210.25,215.2,106509,0
SHEMAROO,20150310,215,224.9,215,216.05,22636,0
SHEMAROO,20150311,216.2,219.9,213.7,214.65,12913,0
SHEMAROO,20150312,214.95,219.4,211.25,214.5,11303,0
SHEMAROO,20150313,214.55,217,204,206.25,19883,0
SHEMAROO,20150316,233.9,233.9,211,212.55,275477,0
SHEMAROO,20150317,214.65,219,213,214.9,63247,0
SHEMAROO,20150318,215.9,222.5,213.1,214.4,90342,0
SHEMAROO,20150319,214.9,217.5,204,205.85,40167,0
SHEMAROO,20150320,206.05,210.85,202.2,203.45,22867,0
SHEMAROO,20150323,212.55,212.55,192.5,193.15,30524,0
SHEMAROO,20150324,192,195,184.45,188.45,26132,0
SHEMAROO,20150325,190.1,194,182,183.7,19209,0
SHEMAROO,20150326,183,185,170.5,173.9,47374,0
SHEMAROO,20150327,175,180.6,172.9,175.2,34142,0
SHEMAROO,20150330,181,185.9,176.2,179.95,47357,0
SHEMAROO,20150331,181,191.95,180.95,183.35,34109,0
SHEMAROO,20150401,183.95,186,181,184.15,70546,0
SHEMAROO,20150406,188.9,188.9,183,183.85,60445,0
SHEMAROO,20150407,184.9,187.9,181.05,183.8,37919,0
SHEMAROO,20150408,187.7,198,184.2,192,57042,0
SHEMAROO,20150409,197,198,188.1,195.05,138413,0
SHEMAROO,20150410,198.45,201.4,193.15,194.65,160027,0
SHEMAROO,20150413,196.4,198.6,195,197.9,24647,0
SHEMAROO,20150415,199.6,199.6,193.4,195,82592,0
SHEMAROO,20150416,197.5,198,189,196.2,19375,0
SHEMAROO,20150417,192.55,196,186.25,187.4,26659,0
SHEMAROO,20150420,188.05,194,186,187.15,33429,0
SHEMAROO,20150421,189.8,192,185.55,187.5,21752,0
SHEMAROO,20150422,189.65,190,183.05,187.95,37815,0
SHEMAROO,20150423,195.95,195.95,187.25,188.65,14883,11717
SHEMAROO,20150424,191.75,192,180.25,181.6,17528,0
SHEMAROO,20150427,183,183,173,174.6,31208,0
SHEMAROO,20150428,177.35,177.5,171.5,174.05,108326,0
SHEMAROO,20150429,175.05,187,175,185.05,57994,0
SHEMAROO,20150430,189,189,184,185.25,7732,0
SHEMAROO,20150504,188.45,194.95,188.45,193.4,14903,0
SHEMAROO,20150505,190.05,206,190.05,203.8,63611,0
SHEMAROO,20150506,205.45,211.9,192,193.55,50312,0
SHEMAROO,20150507,203,209,198.3,204.55,228334,0
SHEMAROO,20150508,207.2,210,200.55,203.25,53114,0
SHEMAROO,20150511,206.35,226.25,201,219.7,98648,0
SHEMAROO,20150512,219.9,235,212,213.6,238620,0
SHEMAROO,20150513,215,225,215,219.2,76634,0
SHEMAROO,20150514,219,221.75,214,215.95,18997,0
SHEMAROO,20150515,217.05,221.25,215.05,215.9,168684,0
SHEMAROO,20150518,215.95,219.6,211,214.05,14118,0
SHEMAROO,20150519,214.1,216,210.3,211.7,138588,0
SHEMAROO,20150520,213.05,236,210.3,227.75,167460,0
SHEMAROO,20150521,223.55,236.65,218.55,231.5,99298,0
SHEMAROO,20150522,233.7,234.95,228,231.8,22297,0
SHEMAROO,20150525,231,236,227.4,229.35,34789,0
SHEMAROO,20150526,228.95,230.8,220,229.5,20617,0
SHEMAROO,20150527,233.45,235,225,233.25,46154,0
SHEMAROO,20150528,239.3,248.05,235,244.15,131235,0
SHEMAROO,20150529,250,250,239,245.65,110707,0
SHEMAROO,20150601,248.4,248.4,237.4,242,30379,0
SHEMAROO,20150602,244.8,248,223.1,229.5,34900,0
SHEMAROO,20150603,229,236.1,211,213.25,66949,0
SHEMAROO,20150604,215.85,240.8,215.1,223.1,27059,0
SHEMAROO,20150605,223.95,244.4,216.3,229.65,41963,0
SHEMAROO,20150608,229.95,229.95,220,221.7,20331,0
SHEMAROO,20150609,222.05,224.95,214.2,216.6,15240,0
SHEMAROO,20150610,219.65,224.1,216,217.7,10819,0
SHEMAROO,20150611,218.05,223,210.3,211,20186,0
SHEMAROO,20150612,212,216,195.55,206.95,15422,0
SHEMAROO,20150615,201.6,218,201.6,215.9,11554,0
SHEMAROO,20150616,209.3,221,209.3,219.7,12864,0
SHEMAROO,20150617,221.1,229,216.55,225.15,35500,0
SHEMAROO,20150618,225.05,229,221,225.05,8403,0
SHEMAROO,20150619,224.9,229,223.4,224.65,12210,0
SHEMAROO,20150622,220.05,246,220.05,237.5,31601,0
SHEMAROO,20150623,239,244.9,230,231.4,27059,0
SHEMAROO,20150624,231.05,242,230,239.15,29261,0
SHEMAROO,20150625,238.05,243,233.05,240.5,21469,0
SHEMAROO,20150626,241,242.95,236.25,239.55,11155,0
SHEMAROO,20150629,235,242.9,222,240.15,20490,15648
SHEMAROO,20150630,240,248.6,237.5,246.9,15944,0
SHEMAROO,20150701,243,252.45,243,245.75,11199,0
SHEMAROO,20150702,243.05,249.55,240.6,242.35,6578,0
SHEMAROO,20150703,241.15,244.95,237,240.65,12420,0
SHEMAROO,20150706,236,245,234.1,242,47204,0
SHEMAROO,20150707,240.3,244.5,240,240.25,18348,0
SHEMAROO,20150708,240,247.8,236,245.25,18576,0
SHEMAROO,20150709,249.85,250,241.4,244.25,9789,0
SHEMAROO,20150710,242.55,246.9,236.35,240.85,7243,0
SHEMAROO,20150713,232.35,241.5,232.35,240.3,9203,0
SHEMAROO,20150714,238.05,268.9,238.05,257.4,61702,0
SHEMAROO,20150715,259.8,265,245,247.75,29352,0
SHEMAROO,20150716,242.05,265,242.05,262.55,65768,0
SHEMAROO,20150717,267.5,272,260.3,265.25,40363,0
SHEMAROO,20150720,265,277,260,275,49330,0
SHEMAROO,20150721,278.2,321.85,276.2,295.95,397883,0
SHEMAROO,20150722,297.7,305,283,293.1,110395,34140
SHEMAROO,20150723,294.85,318.55,291.1,298.2,206240,0
SHEMAROO,20150724,304,314,295,297.35,93977,0
SHEMAROO,20150727,301.65,309.5,292,294.05,52833,0
SHEMAROO,20150728,292.3,300,282.1,289.45,21602,0
SHEMAROO,20150729,290.1,293.7,283.6,286.45,24785,0
SHEMAROO,20150730,289.9,295.2,288,288.6,20550,0
SHEMAROO,20150731,297.8,299.1,278.3,285,88751,0
SHEMAROO,20150803,285.3,287.65,275,276.45,32016,0
SHEMAROO,20150804,277,308.65,270,304.25,132950,0
SHEMAROO,20150805,305.85,314,301,301.95,44816,0
SHEMAROO,20150806,301.1,304.55,286,290.15,25920,0
SHEMAROO,20150807,286.3,297,286.3,288.55,13216,0
SHEMAROO,20150810,286.9,297.2,284,286.4,14114,0
SHEMAROO,20150811,283.2,290.95,275.1,282.1,17560,0
SHEMAROO,20150812,276.55,285,275,275.35,23507,0
SHEMAROO,20150813,278.45,285,260.1,265.85,14550,0
SHEMAROO,20150814,265.25,275,257.2,264.75,20457,0
SHEMAROO,20150817,268,271.95,256.6,258.05,24595,0
SHEMAROO,20150818,260,273.9,257.25,270.3,16326,0
SHEMAROO,20150819,270.85,285,270,281.35,13999,0
SHEMAROO,20150820,282.2,288.95,271.2,275.9,33480,0
SHEMAROO,20150821,268,280,263.1,269.95,14060,0
SHEMAROO,20150824,270,270,239.05,241.85,42520,25194
SHEMAROO,20150825,255.55,255.65,240.55,244.25,50214,0
SHEMAROO,20150826,254.95,256.9,244,249.95,13193,0
SHEMAROO,20150827,252.65,280.5,252.65,277.55,33845,0
SHEMAROO,20150828,279.65,289.45,270.1,271.5,13170,0
SHEMAROO,20150831,281.4,284.9,275,277.75,34236,0
SHEMAROO,20150901,278,278.5,258,262.25,28126,0
SHEMAROO,20150902,262.7,269.6,242.35,258.35,23187,0
SHEMAROO,20150903,261.05,269,256.2,257.95,12284,0
SHEMAROO,20150904,259,284,245.3,274.25,129822,0
SHEMAROO,20150907,279.7,290.7,266.5,272.35,57499,0
SHEMAROO,20150908,282.95,285,262.1,265.15,45817,0
SHEMAROO,20150909,270,275.05,255.1,256.6,108007,0
SHEMAROO,20150910,260,265,250,254.9,50371,0
SHEMAROO,20150911,259,263.85,249.05,251.55,82081,0
SHEMAROO,20150914,257.5,270,252.1,266.95,87705,0
SHEMAROO,20150915,270.05,272.9,263.95,269.7,17039,0
SHEMAROO,20150916,273.95,274.2,265.55,270,17380,0
SHEMAROO,20150918,271.05,276,270.1,272.05,9344,0
SHEMAROO,20150921,271.55,276.05,267.35,271.3,9883,0
SHEMAROO,20150922,274.4,274.95,264.1,268.5,13446,0
SHEMAROO,20150923,263,271.9,263,268.35,9997,0
SHEMAROO,20150924,272.65,272.65,263.5,266.75,13572,0
SHEMAROO,20150928,274.5,282.9,263.5,275.6,35497,0
SHEMAROO,20150929,270.35,280,270.35,273.65,8930,0
SHEMAROO,20150930,274.35,304,274.35,294.9,48699,0
SHEMAROO,20151001,297.3,297.3,276,277.65,37467,0
SHEMAROO,20151005,281,284,275.05,276.75,21366,0
SHEMAROO,20151006,278.35,280,274,274.95,18611,0
SHEMAROO,20151007,276.05,278,269,270.95,24827,0
SHEMAROO,20151008,274.75,274.75,268.4,269.05,17296,0
SHEMAROO,20151009,273.7,274,265.45,267.85,19511,12506
SHEMAROO,20151012,270.1,274.9,265.8,267.15,21030,0
SHEMAROO,20151013,267.15,270.95,261.05,262.75,28361,19307
SHEMAROO,20151014,263.05,266.65,258.5,262.15,29456,20699
SHEMAROO,20151015,259.1,267,259.05,264.1,25879,18548
SHEMAROO,20151016,264.65,277.95,262.05,269.45,60152,0
SHEMAROO,20151019,272.05,273.95,267.3,269.3,12860,0
SHEMAROO,20151020,273.25,273.3,265,266.3,31556,0
SHEMAROO,20151021,271.95,272,265,268.15,11750,0
SHEMAROO,20151023,266.15,274,266,268.65,24451,0
SHEMAROO,20151026,268.05,272,264.95,269.8,31526,0
SHEMAROO,20151027,272,272.2,266,267,12681,0
SHEMAROO,20151028,266,269.7,265,267.7,17675,0
SHEMAROO,20151029,268.05,271,265,265.4,11988,0
SHEMAROO,20151030,267.85,282.95,265.35,273.25,57643,0
SHEMAROO,20151102,274.05,284.7,268,278.65,60367,0
SHEMAROO,20151103,276.1,285,261,273.8,88306,0
SHEMAROO,20151104,276.2,283.45,266.3,270.65,69473,0
SHEMAROO,20151105,268.1,271.85,265,265.3,18028,0
SHEMAROO,20151106,269,269,264.4,266.35,20674,0
SHEMAROO,20151109,269.95,274.9,265,269.7,35657,0
SHEMAROO,20151110,271.9,274,263.95,264.9,19146,0
SHEMAROO,20151111,273.95,274,267.05,272.3,13819,0
SHEMAROO,20151113,267.15,271.8,266.1,266.6,12591,0
SHEMAROO,20151116,268,271,264,265.55,14197,0
SHEMAROO,20151117,265.05,269,265.05,266.15,16553,0
SHEMAROO,20151118,266,267,261,261.15,72064,0
SHEMAROO,20151119,264,264,258.8,259.35,64053,0
SHEMAROO,20151120,260,268.05,257,258.5,53391,0
SHEMAROO,20151123,260.1,260.55,253,254.05,36912,0
SHEMAROO,20151124,253.05,270.95,253,264.85,58745,0
SHEMAROO,20151126,267,273.9,265.35,272.15,41712,0
SHEMAROO,20151127,271.05,275.6,263.2,268.7,45457,0
SHEMAROO,20151130,273.95,284.85,268.7,281,388699,0
SHEMAROO,20151201,284,290.9,281,283.35,71773,0
SHEMAROO,20151202,283.7,284.9,276.6,280.2,15982,0
SHEMAROO,20151203,278.15,282.9,271.35,277.05,21828,0
SHEMAROO,20151204,274.8,279,271.5,273.3,17524,0
SHEMAROO,20151207,279,295,269.45,271.4,27220,0
SHEMAROO,20151208,271.05,276.5,266.55,269.6,18772,0
SHEMAROO,20151209,271.2,272,262.5,268.8,34321,0
SHEMAROO,20151210,266,269.95,265.95,268.9,10643,0
SHEMAROO,20151211,273.8,276,268,269.6,33361,0
SHEMAROO,20151214,271.15,275,265.3,267.45,14070,0
SHEMAROO,20151215,267.15,269.95,265.3,267.75,8554,0
SHEMAROO,20151216,270,270,267,267.5,7465,0
SHEMAROO,20151217,270.45,275,266.6,271.05,14873,0
SHEMAROO,20151218,273.95,273.95,266.5,270.4,13026,0
SHEMAROO,20151221,276.7,276.7,267,269.55,59348,0
SHEMAROO,20151222,267.3,272.9,267.25,268.45,7041,0
SHEMAROO,20151223,268.7,274,268.3,268.5,20432,0
SHEMAROO,20151224,270.1,272.9,267,269.65,57806,0
SHEMAROO,20151228,269.85,285,269.85,282.15,78024,0
SHEMAROO,20151229,286,296.95,283.2,284.75,57831,36155
SHEMAROO,20151230,288.05,303,280.3,294.55,200135,0
SHEMAROO,20151231,298.35,308,295.25,297.95,311987,0
SHEMAROO,20160101,301.9,307,295.25,296.95,112080,0
SHEMAROO,20160104,299.95,306.7,295,298.3,73877,0
SHEMAROO,20160105,298.1,327.3,295.5,317.7,304478,0
SHEMAROO,20160106,325,333.35,315,322,160084,0
SHEMAROO,20160107,316,316.95,303,304.85,67130,0
SHEMAROO,20160108,309.6,361,309.55,348.5,813485,0
SHEMAROO,20160111,343.55,356.75,330,334.35,240675,0
SHEMAROO,20160112,339,374.9,338,350.7,625337,0
SHEMAROO,20160113,355.3,362.5,315,344.55,314169,0
SHEMAROO,20160114,336,341,324,331.6,183767,0
SHEMAROO,20160115,334.8,340,322,326.55,124971,0
SHEMAROO,20160118,313,329.7,295.55,311.55,97465,0
SHEMAROO,20160119,313.7,333,310,317.7,42622,19389
SHEMAROO,20160120,312.5,314,290.1,301.45,64602,0
SHEMAROO,20160121,306.3,314.9,290.25,301,35980,18481
SHEMAROO,20160122,307,323,302.4,309.55,85006,0
SHEMAROO,20160125,328,346.2,318.2,328.1,182717,0
SHEMAROO,20160127,331.8,332.9,319.5,321.1,44230,0
SHEMAROO,20160128,323.6,339,318.65,321.05,60097,0
SHEMAROO,20160129,324.65,327.85,318,321.85,22781,0
SHEMAROO,20160201,324.8,330.4,307,315.7,74233,42712
SHEMAROO,20160202,318.95,321,295.6,298.3,65359,0
SHEMAROO,20160203,296,309,285.6,293.45,118081,75059
SHEMAROO,20160204,298.9,301.5,282,286.75,84765,0
SHEMAROO,20160205,285.4,288.75,282.05,284.4,38502,0
SHEMAROO,20160208,282.1,297.5,270.1,276.4,79962,0
SHEMAROO,20160209,269.05,272.95,262.55,265.1,93747,0
SHEMAROO,20160210,262.05,273.9,252,267.2,62005,0
SHEMAROO,20160211,268,268.55,245.1,248.85,64887,0
SHEMAROO,20160212,254.8,254.8,241.15,245.45,94257,80631
SHEMAROO,20160215,249.85,269.85,249,267.6,51041,0
SHEMAROO,20160216,270,271.7,248,253.4,35079,0
SHEMAROO,20160217,253,260.35,242.5,251.7,37602,0
SHEMAROO,20160218,257.65,262.35,254,258.9,18241,0
SHEMAROO,20160219,252.6,271.8,252.55,267.6,30893,0
SHEMAROO,20160222,265.05,269.8,256.85,258.7,17458,0
SHEMAROO,20160223,262.65,263.8,250,253.45,32127,0
SHEMAROO,20160224,250.25,251.55,239.5,241.25,40728,0
SHEMAROO,20160225,238.55,250,238.5,243.3,94883,0
SHEMAROO,20160226,244.05,248.6,223.95,238.1,72329,0
SHEMAROO,20160229,241.95,241.95,221.1,222.75,51095,0
SHEMAROO,20160301,223.15,241.2,223,239.7,32697,0
SHEMAROO,20160302,242.6,258.4,242.6,256.7,56439,0
SHEMAROO,20160303,260,262.95,255.85,257.7,12809,0
SHEMAROO,20160304,260.75,261,253.6,258.85,13581,0
SHEMAROO,20160308,256.25,265,255.3,262.6,15643,0
SHEMAROO,20160309,261.95,264,255.8,258.2,13122,0
SHEMAROO,20160310,259.05,262.4,257,258.35,9558,0
SHEMAROO,20160311,259.95,267,256.35,260.75,48508,0
SHEMAROO,20160314,261,264,258.35,260.8,16798,0
SHEMAROO,20160315,261.95,265,258.15,261.8,13367,0
SHEMAROO,20160316,256.15,262.85,256.15,261.75,7946,0
SHEMAROO,20160317,262.85,276.45,262.85,269.95,53409,0
SHEMAROO,20160318,276,278.85,268.5,275.3,19040,0
SHEMAROO,20160321,278.8,297.3,275.1,289,92684,0
SHEMAROO,20160322,292.95,297.9,285.5,292.45,71024,0
SHEMAROO,20160323,292.75,300,290,295.35,20951,0
SHEMAROO,20160328,296.8,311,285,296.2,48833,0
SHEMAROO,20160329,299.25,303,294,299,20025,0
SHEMAROO,20160330,300,301.9,295,295.95,16430,0
SHEMAROO,20160331,298,300.3,295,295.6,8091,0
SHEMAROO,20160401,298.95,303.75,295,295.95,12166,7929
SHEMAROO,20160404,297.05,314,295.4,311.35,35391,0
SHEMAROO,20160405,308.85,314.7,300.05,302,13604,0
SHEMAROO,20160406,303.05,313.95,302.25,311.05,17286,0
SHEMAROO,20160407,312.95,314.8,306,310.85,17615,0
SHEMAROO,20160408,311.9,318.05,308.3,315.4,13374,0
SHEMAROO,20160411,316,332.6,314.9,329.15,72036,34905
SHEMAROO,20160412,332.65,336.95,326,331.1,65017,0
SHEMAROO,20160413,331.5,339.7,330,330.25,21016,0
SHEMAROO,20160418,333,333.25,326,328.8,17701,14127
SHEMAROO,20160420,325,334,319.2,320.1,27918,0
SHEMAROO,20160421,329,337.4,316.5,320.3,100894,64568
SHEMAROO,20160422,326.45,328,316.6,319.95,74614,68130
SHEMAROO,20160425,326.9,337.9,319.25,330.5,25541,0
SHEMAROO,20160426,331,335.85,315,327.7,29290,0
SHEMAROO,20160427,326.7,338.95,321,325.4,44014,0
SHEMAROO,20160428,327.45,330.9,317.55,321.25,37327,0
SHEMAROO,20160429,318,325,318,323.1,41111,0
SHEMAROO,20160502,322.95,331.8,320.1,324.05,13225,0
SHEMAROO,20160503,327.1,329.3,323.25,324.9,8045,0
SHEMAROO,20160504,320,326.5,316.2,320,16261,0
SHEMAROO,20160505,318.1,336,318,333.95,26976,0
SHEMAROO,20160506,337.95,352.9,325,329.45,73029,0
SHEMAROO,20160509,339.5,342,332.55,334.25,91466,0
SHEMAROO,20160510,337.95,342,321.5,327.7,26091,0
SHEMAROO,20160511,323.5,329.7,322,327,23989,0
SHEMAROO,20160512,326,334.6,323.05,326.25,29114,0
SHEMAROO,20160513,325.75,327.3,323.1,325.1,5011,0
SHEMAROO,20160516,326.1,329.55,324.95,326.05,6140,0
SHEMAROO,20160517,328,328.6,322.1,324.6,5573,0
SHEMAROO,20160518,322.55,327,320,325.3,14951,0
SHEMAROO,20160519,328.45,328.45,320.7,325.25,25877,0
SHEMAROO,20160520,325,330,321.4,325.2,13139,0
SHEMAROO,20160523,327.75,345.3,325,327.55,110078,0
SHEMAROO,20160524,329.55,331.35,325,325.35,11069,0
SHEMAROO,20160525,326.9,330.8,322.05,323.5,10400,0
SHEMAROO,20160526,325.45,325.45,310,312.95,18979,0
SHEMAROO,20160527,315.65,321,311.95,316.4,103054,0
SHEMAROO,20160530,318.95,323,311.2,312.8,25017,0
SHEMAROO,20160531,311.2,322,308,314.4,37025,0
SHEMAROO,20160601,315.5,320,315.5,317.55,6881,0
SHEMAROO,20160602,316.3,318.9,314.8,316.75,3145,0
SHEMAROO,20160603,324,324,315.2,317.65,7614,0
SHEMAROO,20160606,319.95,319.95,315.2,317.3,6396,0
SHEMAROO,20160607,317.35,335,317.2,325.6,27075,0
SHEMAROO,20160608,326.45,328,322,325.55,14076,0
SHEMAROO,20160609,325.55,325.55,321,322,3535,0
SHEMAROO,20160610,323.95,324.55,316.4,318,8288,0
SHEMAROO,20160613,318,323.1,315.05,318.65,3476,0
SHEMAROO,20160614,319.6,321,315,317.25,6602,0
SHEMAROO,20160615,318.75,328,317.6,324.4,8018,0
SHEMAROO,20160616,320.55,326.05,306.85,308.55,38448,0
SHEMAROO,20160617,314.95,318.8,308.15,313.2,18138,0
SHEMAROO,20160620,312.1,320.85,312.05,318.05,8422,0
SHEMAROO,20160621,317,331.95,317,321.2,23681,0
SHEMAROO,20160622,322.95,322.95,311,313.8,8959,0
SHEMAROO,20160623,315,316.95,309,312.5,14716,0
SHEMAROO,20160624,308.95,311,290.65,308.5,40601,0
SHEMAROO,20160627,307.15,311,303.1,305.65,14790,0
SHEMAROO,20160628,301.25,310.95,301.25,304.25,13453,0
SHEMAROO,20160629,309,310,302,305.2,20736,0
SHEMAROO,20160630,306.5,324,304.35,318.85,26015,0
SHEMAROO,20160701,320,322.95,312.1,313.75,10402,0
SHEMAROO,20160704,320,321.85,315,317.9,7572,0
SHEMAROO,20160705,316.55,320,312.2,313.9,18141,0
SHEMAROO,20160707,314.35,320,312.15,315.1,7665,0
SHEMAROO,20160708,318,327,314.15,315.05,19308,0
SHEMAROO,20160711,316.9,321.95,316.85,319.15,30638,0
SHEMAROO,20160712,319.7,367,318,360.2,495177,0
SHEMAROO,20160713,359.3,359.3,341.15,345,68674,0
SHEMAROO,20160714,348.95,349.9,340,349.1,89364,0
SHEMAROO,20160715,349.95,360,347.2,348.95,72849,0
SHEMAROO,20160718,346.9,351.95,326.9,333.25,28264,0
SHEMAROO,20160719,334,338.95,328.25,329.95,13194,0
SHEMAROO,20160720,332,352.25,330,335.55,35442,0
SHEMAROO,20160721,336.9,343.5,332.2,336.2,15045,0
SHEMAROO,20160722,337.45,340,329.5,332.9,13146,0
SHEMAROO,20160725,334.85,335,329,331.3,14584,0
SHEMAROO,20160726,331.95,335,324,324.95,11579,0
SHEMAROO,20160727,328.2,335,322,323.85,23207,0
SHEMAROO,20160728,321.55,333.9,321.55,329.95,10398,0
SHEMAROO,20160729,331.05,336.85,330,331.7,13746,0
SHEMAROO,20160801,334,337.25,322.1,324.95,10705,0
SHEMAROO,20160802,327.05,343.9,325.1,337.15,45523,0
SHEMAROO,20160804,343,344.95,323.05,332.7,41427,0
SHEMAROO,20160805,335.1,335.95,315.3,321.45,63786,0
SHEMAROO,20160808,331.95,331.95,323.05,326.9,15021,0
SHEMAROO,20160809,325.85,329.9,316.75,320.5,14977,0
SHEMAROO,20160810,320.75,327,319.75,324.35,8572,0
SHEMAROO,20160811,324.3,333,322,323.5,8012,0
SHEMAROO,20160816,323.05,323.05,315.25,319.4,9119,0
SHEMAROO,20160817,326,327.95,319.4,320.35,41733,37045
SHEMAROO,20160818,329.85,334.9,319.4,321,42403,0
SHEMAROO,20160819,321.75,327.95,320.55,325.15,16557,12713
SHEMAROO,20160822,325.95,332.95,322.25,330.4,19532,12299
SHEMAROO,20160823,331.9,335,328,331,19244,0
SHEMAROO,20160824,331.95,335.95,330.1,333,8797,0
SHEMAROO,20160825,333.15,334.3,325.55,331.9,8772,5001
SHEMAROO,20160826,333.4,334.9,330,332.05,13761,0
SHEMAROO,20160829,333.7,335.3,331.5,332.45,7826,5395
SHEMAROO,20160830,329.8,337.35,329.8,334,15506,0
SHEMAROO,20160831,334.45,339.45,330.3,332.65,22285,6403
SHEMAROO,20160901,332.05,336,330.3,334.45,11418,0
SHEMAROO,20160902,335.4,339,333,335.3,10102,0
SHEMAROO,20160906,330.5,339,330.5,335.05,10914,6551
SHEMAROO,20160907,332.55,338.05,332.5,335.35,9788,7089
SHEMAROO,20160908,334,340,332.35,336.25,135574,127537
SHEMAROO,20160909,336.95,340,334.35,339.3,39071,33524
SHEMAROO,20160912,340,340,329.9,334.15,6514,0
SHEMAROO,20160914,333.35,345,333.3,338.4,44997,24897
SHEMAROO,20160915,341.45,342.95,336.4,337.75,10474,7295
SHEMAROO,20160916,338,345,338,338.7,23739,0
SHEMAROO,20160919,338.65,340,320.1,322.65,40985,26746
SHEMAROO,20160920,325,325.8,306,308.2,50012,0
SHEMAROO,20160921,312.45,318.9,306.5,317.15,27722,0
SHEMAROO,20160922,322,322,316.2,319.45,15841,0
SHEMAROO,20160923,316.25,326.9,315.5,324.05,163552,156556
SHEMAROO,20160926,318.1,320.95,315.1,317.1,25065,16993
SHEMAROO,20160927,318,321.5,313.8,314.65,8799,6475
SHEMAROO,20160928,313.85,319.9,312.5,315.85,8628,5471
SHEMAROO,20160929,317.95,318.9,265.7,295.35,36628,28050
SHEMAROO,20160930,291.2,313,291.2,310.35,12533,9976
SHEMAROO,20161003,313.3,328.95,313.3,318.55,15916,0
SHEMAROO,20161004,317.05,320.75,315.25,315.9,11328,7888
SHEMAROO,20161005,318,320,316,317.65,15090,12768
SHEMAROO,20161006,323,326,316.45,317.85,13281,8680
SHEMAROO,20161007,319.15,321,316.35,318.3,5016,4081
SHEMAROO,20161010,317.9,322.95,317,318.65,7395,5171
SHEMAROO,20161013,321.8,321.8,302.6,309.35,8968,0
SHEMAROO,20161014,313.2,313.95,310,312,6466,0
SHEMAROO,20161017,316.4,316.4,310.2,312,8523,6294
SHEMAROO,20161018,315.55,316.6,309.4,313.2,19417,15837
SHEMAROO,20161019,315,315,309.25,311.55,15191,12473
SHEMAROO,20161020,313.05,323.9,311.95,314.95,26597,0
SHEMAROO,20161021,319.85,319.85,314.05,316.5,5592,4910
SHEMAROO,20161024,315.5,322,311.35,320.25,19120,15677
SHEMAROO,20161025,321,321,315.25,316.65,25559,0
SHEMAROO,20161026,330,334.95,315.15,320.6,84913,0
SHEMAROO,20161027,318.55,326.7,316.5,322.6,17457,0
SHEMAROO,20161028,321.2,354.4,321.1,339.75,121307,69482
SHEMAROO,20161030,344,353,338.75,341.25,22348,17496
SHEMAROO,20161101,343.95,350,333.9,340.3,34990,27126
SHEMAROO,20161102,339.5,343.05,329.5,335.85,19262,13867
SHEMAROO,20161103,339.95,353.9,339.95,346.65,42482,27505
SHEMAROO,20161104,349.5,350,330,332.9,44377,0
SHEMAROO,20161107,334,342.7,334,336.25,11649,0
SHEMAROO,20161108,337,347,335.1,340.25,10640,7479
SHEMAROO,20161109,325,336,276.5,330.2,35887,0
SHEMAROO,20161110,333,340.65,330.15,335.4,9717,5511
SHEMAROO,20161111,333,333,320,321.25,11841,0
SHEMAROO,20161115,325.95,325.95,298,314.35,34609,29642
SHEMAROO,20161116,319.85,322.95,315.35,320.25,27981,26043
SHEMAROO,20161117,319.05,331.95,312.55,323.05,42674,30086
SHEMAROO,20161121,320,326.7,298,314.1,32176,21452
SHEMAROO,20161122,318.5,329.8,310,326.7,13021,10953
SHEMAROO,20161123,334,339,327,334.25,17075,12725
SHEMAROO,20161124,329,342,327.9,336.1,12904,8759
SHEMAROO,20161125,340.65,344,331.95,340.3,12009,8314
SHEMAROO,20161128,342,386.2,342,370.15,149542,96255
SHEMAROO,20161129,374.5,382.95,367,369.55,39091,21983
SHEMAROO,20161130,380.95,414.9,380.95,397.45,299368,93551
SHEMAROO,20161201,397.75,422,388.15,416.15,202263,83471
SHEMAROO,20161202,415,418.4,393.05,398.6,49983,22058
SHEMAROO,20161205,404.25,413.2,395,399.4,21541,10431
SHEMAROO,20161206,399.05,410,396,397.85,33785,17677
SHEMAROO,20161207,400,404.7,381.15,384.35,23447,13002
SHEMAROO,20161208,386,399.5,380.2,388.65,26378,12924
SHEMAROO,20161209,398.7,398.7,382.05,384.85,14201,7959
SHEMAROO,20161212,382.45,386,371.05,373,10772,6850
SHEMAROO,20161213,378.05,408,361.5,391.4,105089,33825
SHEMAROO,20161214,391,392.5,380,382.35,21303,8616
SHEMAROO,20161215,384,397.95,380.25,392,24769,10530
SHEMAROO,20161216,387.5,397.8,385,389.1,9696,4388
SHEMAROO,20161219,390,408,381.1,394.05,111492,37046
SHEMAROO,20161220,395.95,406,380,381.85,48491,19481
SHEMAROO,20161221,381.85,390,378.1,381,13171,4733
SHEMAROO,20161222,379,388.8,370.05,374.3,14264,8441
SHEMAROO,20161223,374,378.9,366.5,374.65,9850,5503
SHEMAROO,20161226,376,378.9,367,367.25,16733,10154
SHEMAROO,20161227,371.85,379.8,367,377.9,8734,4007
SHEMAROO,20161228,379.7,397.75,375,392,14865,0
SHEMAROO,20161229,383.35,403,381.55,384.9,31823,0
SHEMAROO,20161230,397,397,383,391.9,11953,0
SHEMAROO,20170102,390,394.9,384.2,389.2,7656,0
SHEMAROO,20170103,385.8,397.85,383.95,385.2,12493,0
SHEMAROO,20170104,385,412.05,384.05,404.9,125263,0
SHEMAROO,20170105,405,415,396.6,412.7,66285,0
SHEMAROO,20170106,407,437.65,407,430.35,170651,0
SHEMAROO,20170109,433,434.8,417.15,419.5,31708,0
SHEMAROO,20170110,422,432.85,409.95,412.85,35781,0
SHEMAROO,20170111,416.85,416.9,401.5,403.45,20842,0
SHEMAROO,20170112,403,410.8,400,401.3,16318,0
SHEMAROO,20170113,405,417.65,401,409.25,20863,0
SHEMAROO,20170116,408.55,420.3,408.55,416.55,12765,9516
SHEMAROO,20170117,420,420,410.1,412.8,9876,5839
SHEMAROO,20170118,414.9,416.7,409,412.8,8035,5532
SHEMAROO,20170119,410,418.4,409,411.4,10355,0
SHEMAROO,20170120,412.45,416.55,401.65,404.7,7077,4533
SHEMAROO,20170123,404.65,439.9,401.2,429.15,56550,23460
SHEMAROO,20170124,434.6,434.6,420.25,423.35,9018,0
SHEMAROO,20170125,424.95,427,416.2,419.25,9156,5235
SHEMAROO,20170127,424.8,439,415.5,419.1,8182,5705
SHEMAROO,20170130,419.95,433,415,418.3,11623,6375
SHEMAROO,20170131,418.3,424,413.1,416.7,8399,0
SHEMAROO,20170201,414.05,425,414.05,422.1,5787,3477
SHEMAROO,20170202,420.05,429.8,419,424.4,11555,0
SHEMAROO,20170203,425.5,435,424.15,427.4,5789,3683
SHEMAROO,20170206,421,425.9,410.95,416.95,17754,10102
SHEMAROO,20170207,417.05,424,410.1,418.75,28670,11057
SHEMAROO,20170208,418.8,424.95,412.45,419.4,8973,0
SHEMAROO,20170209,422,425,419.05,420.95,8133,0
SHEMAROO,20170210,423.65,423.75,417,421.4,40941,36171
SHEMAROO,20170213,421.75,422,411.1,411.65,27476,0
SHEMAROO,20170214,417.65,419.95,406.15,408.7,5515,2849
SHEMAROO,20170215,410.05,412.95,397.45,399.15,14266,10488
SHEMAROO,20170216,402.05,410,399,407.55,3640,0
SHEMAROO,20170217,405.2,412.65,403.05,408,4110,0
SHEMAROO,20170220,404,415,404,409.45,124344,119217
SHEMAROO,20170221,412.3,413.55,406,410.7,7639,5370
SHEMAROO,20170222,413.9,413.9,401.65,402.8,7657,0
SHEMAROO,20170223,416.2,433.5,404.1,406.55,153102,0
SHEMAROO,20170227,409.6,409.6,402,403.4,8857,6951
SHEMAROO,20170228,402.95,413.9,402,411.95,51831,45456
SHEMAROO,20170301,419.85,419.95,408.05,412.85,18794,10118
SHEMAROO,20170302,416.8,418.05,407.1,408.75,19902,0
SHEMAROO,20170303,412.95,412.95,407,408.3,8070,6402
SHEMAROO,20170306,407.05,417.3,407,411.5,8098,4221
SHEMAROO,20170307,413.35,415,408.1,411.7,26105,22170
SHEMAROO,20170308,414,415,408.5,412.95,8916,0
SHEMAROO,20170309,414.95,430,409.15,417.2,19382,0
SHEMAROO,20170310,415.05,420,409.55,413.5,10181,0
SHEMAROO,20170314,421.95,429.5,390.55,393.2,64552,0
SHEMAROO,20170315,406,406,390.1,397.6,20907,0
SHEMAROO,20170316,395.15,407,395.15,399.9,35619,24346
SHEMAROO,20170317,400.65,405.5,386.05,389.05,45843,0
SHEMAROO,20170320,390,392.95,380.1,382,44148,31584
SHEMAROO,20170321,384,388.45,378.4,379.4,18504,0
SHEMAROO,20170322,378,382.5,375,379.55,24163,0
SHEMAROO,20170323,389.95,389.95,374,374.95,21649,15439
SHEMAROO,20170324,380,386,374,380,62171,47294
SHEMAROO,20170327,380,381.45,373,377.7,149546,141629
SHEMAROO,20170328,377.5,380,374.1,375.6,18125,8185
SHEMAROO,20170329,378,378,373,374,213045,203338
SHEMAROO,20170330,377.35,377.35,371,372.9,60428,51635
SHEMAROO,20170331,375.45,387.7,373.8,377.65,147933,128988
SHEMAROO,20170403,380.6,400,380.6,394.75,37365,21607
SHEMAROO,20170405,394.25,407,390.45,403.4,33911,23013
SHEMAROO,20170406,406.85,412.95,396.25,397.6,33548,19971
SHEMAROO,20170407,399,409,393.15,397.5,22118,11595
SHEMAROO,20170410,401.1,412.5,401,402.3,18921,9329
SHEMAROO,20170411,403.8,412.95,402,406.5,21941,10936
SHEMAROO,20170412,406.5,409.45,400,401.2,15251,8184
SHEMAROO,20170413,405.5,407.15,400.1,400.75,8359,5302
SHEMAROO,20170417,403.75,403.9,400,400.1,11105,6253
SHEMAROO,20170418,401.25,409,397.05,403.45,23187,13887
SHEMAROO,20170419,405.5,407.4,399.2,401,7127,4613
SHEMAROO,20170420,405,408.75,402.05,404.25,13465,6270
SHEMAROO,20170421,408,416.7,405.25,410.25,24284,13570
SHEMAROO,20170424,413.9,416.45,406.05,409,12879,9246
SHEMAROO,20170425,412,412,401.35,404.7,17374,10894
SHEMAROO,20170426,403.05,408.95,390,392.7,18241,11984
SHEMAROO,20170427,396.8,405,393,396.2,65647,55670
SHEMAROO,20170428,398.8,407.05,395.3,398.5,13222,6744
SHEMAROO,20170502,397,404.1,393.25,398.25,9298,4498
SHEMAROO,20170503,397.85,399.95,386.35,391.35,17696,11223
SHEMAROO,20170504,398,398,380.25,386.75,19686,8331
SHEMAROO,20170505,385.95,397,384.05,394.75,10985,6142
SHEMAROO,20170508,391.7,397,383.6,389.05,18503,14183
SHEMAROO,20170509,386.5,407,385.25,403.85,27375,0
SHEMAROO,20170510,393.25,393.25,340.6,361.6,343693,160426
SHEMAROO,20170511,363.5,369.8,345.55,350,75370,0
SHEMAROO,20170512,359.95,359.95,337.6,338.25,66001,41422
SHEMAROO,20170515,341,352.9,337.8,344.95,32937,20354
SHEMAROO,20170516,350.7,351.4,340,341.55,25607,15617
SHEMAROO,20170517,341.55,348.9,340,340.95,29035,16002
SHEMAROO,20170518,340.2,341,338.1,339.75,15724,10986
SHEMAROO,20170519,345,345,338.3,338.95,16106,13203
SHEMAROO,20170522,338.2,340.5,325,327.3,21200,0
SHEMAROO,20170523,332.95,332.95,321.55,323.15,17225,12527
SHEMAROO,20170524,323.15,329.55,321,326.15,15231,11079
SHEMAROO,20170525,328,328,321.5,322.2,18699,13450
SHEMAROO,20170526,327.65,329,317.5,320,16562,11995
SHEMAROO,20170529,322.75,326.95,320.6,323,16834,15060
SHEMAROO,20170530,324,351,321.25,342,34568,20725
SHEMAROO,20170531,345.55,349.85,342.9,347.6,14958,12198
SHEMAROO,20170601,345,356.6,345,351.95,10287,7704
SHEMAROO,20170602,345,356.6,345,351.45,9367,8523
SHEMAROO,20170605,350,358,350,352.4,4635,3130
SHEMAROO,20170606,342.65,365,342.65,359.65,52430,50574
SHEMAROO,20170607,362,366.9,359.55,364.4,15071,13318
SHEMAROO,20170608,358,367,358,363.35,3821,2527
SHEMAROO,20170609,364.25,365.55,359.05,364.25,7488,6150
SHEMAROO,20170612,365,365,360,361.45,41962,40016
SHEMAROO,20170613,362,374.8,352.9,365.3,31538,20620
SHEMAROO,20170614,367,374,363.85,367.15,6009,3353
SHEMAROO,20170615,367.1,373.7,359,362.25,11499,9473
SHEMAROO,20170616,359,370,355.25,364.7,8699,4701
SHEMAROO,20170619,361.2,369,361.2,364.85,9314,7678
SHEMAROO,20170620,370.85,370.85,363.4,366,17040,14819
SHEMAROO,20170621,365,373.95,361.5,369.3,9037,6516
SHEMAROO,20170622,372.95,372.95,365,368.55,3666,2143
SHEMAROO,20170623,374,374,363.2,364.75,10494,8153
SHEMAROO,20170627,366,372.5,357.75,359.15,25506,20022
SHEMAROO,20170628,359.15,369.8,358.95,361.9,8829,5412
SHEMAROO,20170629,367.45,370,363.2,364.9,4192,3349
SHEMAROO,20170630,365.05,374.8,364.05,369.85,9513,6635
SHEMAROO,20170703,375,375.9,368.5,371.65,7678,5989
SHEMAROO,20170704,378.7,378.95,368.65,374.75,5438,4431
SHEMAROO,20170705,379,379,369,375.05,18597,16087
SHEMAROO,20170706,374.65,384,374.35,379.9,139087,134226
SHEMAROO,20170707,382.85,385.95,376.05,383.05,6280,2852
SHEMAROO,20170710,395,397,380.05,390.5,4643,4028
SHEMAROO,20170711,390.1,393,365.6,372.05,71070,68140
SHEMAROO,20170712,372.95,376.25,367.65,374.9,6237,0
SHEMAROO,20170713,375,375,364.85,368.45,6732,4725
SHEMAROO,20170714,369.6,371.5,357,369.35,6138,3488
SHEMAROO,20170717,363.45,374.35,363.45,366.25,4521,3859
SHEMAROO,20170718,372.95,377,363.25,371.95,91404,0
SHEMAROO,20170719,372,380.95,365.3,375.05,10007,7868
SHEMAROO,20170720,378.6,379.95,374,376.25,5332,3593
SHEMAROO,20170721,384.9,395,371.15,377.25,19842,8388
SHEMAROO,20170724,379.9,382.8,373.15,375.1,13566,7941
SHEMAROO,20170725,378.3,389.95,374,384.55,12763,9680
SHEMAROO,20170726,384.2,392,378.6,382.35,10859,6228
SHEMAROO,20170727,386,386,374.4,375,23431,22325
SHEMAROO,20170728,375.4,384.95,368.25,373.5,27060,22418
SHEMAROO,20170731,370.6,378.65,360.1,363.6,13537,11439
SHEMAROO,20170801,363.05,366.85,348,354.35,107487,93124
SHEMAROO,20170802,352.15,359.9,352,355.6,38987,33210
SHEMAROO,20170803,353.15,363.75,352.25,356.45,5571,3962
SHEMAROO,20170804,355.9,364.9,353.9,357.55,4598,3776
SHEMAROO,20170807,356.3,360,354,357.65,4635,3655
SHEMAROO,20170808,361.25,363.9,357.9,362.35,5841,5367
SHEMAROO,20170809,360.45,363.6,359.15,361,7965,6908
SHEMAROO,20170810,360,363.55,359,361,22817,21911
SHEMAROO,20170811,357,371.65,352,365.85,18709,15638
SHEMAROO,20170814,361,373,361,364.25,11636,10690
SHEMAROO,20170816,368.1,368.8,359,360.65,6766,4733
SHEMAROO,20170817,360.9,364.2,336.05,341.4,18038,11528
SHEMAROO,20170818,341.8,355.55,336.05,349.8,6549,3473
SHEMAROO,20170821,355.95,355.95,338.5,340.75,5947,4873
SHEMAROO,20170822,335.05,339.75,331,335.15,14412,9976
SHEMAROO,20170823,334.85,340,334.8,336.95,4951,3625
SHEMAROO,20170824,336.4,340,331.2,335.5,8730,6499
SHEMAROO,20170828,332,338.75,332,332.95,7472,5593
SHEMAROO,20170829,340,388,332,365.3,166346,32081
SHEMAROO,20170830,366.95,366.95,351.15,356,33709,7970
SHEMAROO,20170831,354.3,364,349.05,357,8603,5188
SHEMAROO,20170901,358,361.5,350.1,352.1,8801,4398
SHEMAROO,20170904,352.5,356.6,343.5,349.45,7616,2713
SHEMAROO,20170905,350.65,366,344,362.5,11846,6713
SHEMAROO,20170906,357,364.4,351,359.3,3976,2348
SHEMAROO,20170907,359.9,364.35,350.25,352.15,4005,2451
SHEMAROO,20170908,357.3,358,349.15,353.85,6047,3862
SHEMAROO,20170911,351.05,358.8,349,350.45,8407,6053
SHEMAROO,20170912,353,355.95,344.2,346.85,14181,8607
SHEMAROO,20170913,349,379.6,349,369.3,109598,60777
SHEMAROO,20170914,370,375,356.15,359.6,17651,10091
SHEMAROO,20170915,359.6,370,353,365.85,7580,4398
SHEMAROO,20170918,365,369.7,356,363.5,10701,6016
SHEMAROO,20170919,361.95,378,355,366.35,19738,8725
SHEMAROO,20170920,364.5,374.2,361.5,364.55,6676,4417
SHEMAROO,20170921,364,375,359,360.7,8094,4166
SHEMAROO,20170922,364.85,364.85,351.75,355.55,10687,5302
SHEMAROO,20170925,357,362.6,348,360.35,9839,6771
SHEMAROO,20170926,357.25,369.7,352.7,361.3,9231,5272
SHEMAROO,20170927,368.9,368.9,351.7,353.25,6873,4407
SHEMAROO,20170928,352.05,354,346.55,350.6,3268,1864
SHEMAROO,20170929,354.25,369.45,349.05,359.7,8094,5203
SHEMAROO,20171003,370,375,358.9,366.85,9477,7207
SHEMAROO,20171004,362.15,379,361.25,375.8,20013,16037
SHEMAROO,20171005,379.6,385,368.3,382.6,18384,11602
SHEMAROO,20171006,380,385.95,372.1,375.5,9860,5934
SHEMAROO,20171009,374,395,374,388.75,19276,11594
SHEMAROO,20171010,388.45,397.85,385.25,395.35,19563,12491
SHEMAROO,20171011,396.35,416.55,388.05,391.75,46943,32173
SHEMAROO,20171012,388.15,412.5,388.15,402.3,14761,7950
SHEMAROO,20171013,402.3,412,395.05,397.6,9363,7057
SHEMAROO,20171016,395.1,401.45,395.1,399.55,14056,11514
SHEMAROO,20171017,409.5,409.5,397.65,400.4,13441,7650
SHEMAROO,20171018,400,404.4,397.05,401.05,8392,6412
SHEMAROO,20171019,405.1,408.5,400,403.1,3531,2995
SHEMAROO,20171023,412,412,395,395.55,5638,4310
SHEMAROO,20171024,395,409.8,395,400.5,11400,7790
SHEMAROO,20171025,414,414,401.05,403.35,24481,12926
SHEMAROO,20171026,409.7,409.75,401,401.85,5365,3321
SHEMAROO,20171027,401.85,408,394,395.85,12906,10248
SHEMAROO,20171030,396,405,396,401.35,4050,2140
SHEMAROO,20171031,401.95,409.55,397.25,404.55,7714,6343
SHEMAROO,20171101,407.85,407.85,394,395.8,8173,6279
SHEMAROO,20171102,391.05,404.75,390,400.6,6139,4317
SHEMAROO,20171103,403.45,404.95,391.65,395.5,7641,6843
SHEMAROO,20171106,391.7,403,391.7,398.55,8933,7790
SHEMAROO,20171107,396.5,402,382.6,395.95,10236,7972
SHEMAROO,20171108,388.05,393.95,388.05,391.7,3960,3626
SHEMAROO,20171109,385,399.75,385,391.85,4931,3944
SHEMAROO,20171110,384,398.45,384,387.95,4195,3054
SHEMAROO,20171113,383.05,394.8,383.05,390,7396,5830
SHEMAROO,20171114,394.9,400.95,387,388.35,12942,6768
SHEMAROO,20171115,381.5,392.95,381.5,388.25,3644,3143
SHEMAROO,20171116,380.5,392.55,372.5,391.55,9477,5107
SHEMAROO,20171117,384.05,398.95,384.05,392.35,5433,3247
SHEMAROO,20171120,384.5,402,384.5,396.3,6429,3209
SHEMAROO,20171121,397.95,401.75,390.05,394.75,9582,6722
SHEMAROO,20171122,399.55,399.55,387,389.8,6347,5319
SHEMAROO,20171123,382.6,395,382.6,390.35,4732,3103
SHEMAROO,20171124,383.15,410.5,383.15,393.6,28900,20494
SHEMAROO,20171127,392,395,386.35,389.3,11878,10010
SHEMAROO,20171128,394.75,394.8,386.6,390.25,4037,2742
SHEMAROO,20171129,394.5,448,393.8,425.15,145069,63668
SHEMAROO,20171130,426.85,442.95,419.55,425.45,126449,37417
SHEMAROO,20171201,431,449.7,410,419.15,84525,36512
SHEMAROO,20171204,427.65,439,410,433.25,40297,22663
SHEMAROO,20171205,433,435,411.6,419.4,19286,10904
SHEMAROO,20171206,420.65,426,412.5,416.4,10223,7149
SHEMAROO,20171207,419,423.95,411.6,414.15,12491,5519
SHEMAROO,20171208,424,424,415,417.15,15585,11091
SHEMAROO,20171211,410.05,421.95,404.9,407.75,18095,9806
SHEMAROO,20171212,411.4,416,402.2,405.4,13666,8243
SHEMAROO,20171213,408,410.75,396.05,400.05,15735,13688
SHEMAROO,20171214,413.95,415,395.65,403.55,40171,18599
SHEMAROO,20171215,406.95,410.9,399.5,400.25,18146,12879
SHEMAROO,20171218,394.05,404.75,376.1,396.75,14254,7803
SHEMAROO,20171219,393.3,409.8,392.3,399.55,12564,7958
SHEMAROO,20171220,403,425,399.55,415.35,37416,21739
SHEMAROO,20171221,419.1,446,406.1,440.9,68757,34943
SHEMAROO,20171222,456,478.95,451,464.95,123621,44328
SHEMAROO,20171226,464,465,446,462.85,25762,12650
SHEMAROO,20171227,462.9,462.9,435,442.15,17073,12152
SHEMAROO,20171228,446,446.4,425,428.8,10562,6107
SHEMAROO,20171229,433.95,438,420,422.25,11848,7017
SHEMAROO,20180101,429.5,447.95,424.05,434.25,13566,8406
SHEMAROO,20180102,430,439,416.35,427.45,14454,9360
SHEMAROO,20180103,434.85,434.85,420.5,425.6,16266,12887
SHEMAROO,20180104,425.05,426.3,415,416.95,16918,12754
SHEMAROO,20180105,427,430,416.6,419.55,32647,27215
SHEMAROO,20180108,429,446.8,421.05,439.7,34649,21855
SHEMAROO,20180109,443.5,443.5,425.1,440.85,28080,18153
SHEMAROO,20180110,437.85,444,426.85,429.9,9207,6601
SHEMAROO,20180111,426.5,472.8,426.45,457.1,90975,31707
SHEMAROO,20180112,459.7,475,452.7,468.05,40381,26062
SHEMAROO,20180115,468.05,493,460.35,467.25,50371,30649
SHEMAROO,20180116,471.85,484.05,453.45,458.75,34839,21358
SHEMAROO,20180117,461.95,550.5,439.05,550.5,423752,90270
SHEMAROO,20180118,570.1,577.2,492.35,499.1,232302,71975
SHEMAROO,20180119,505,538,480.8,498.7,75396,27682
SHEMAROO,20180122,524,585,515,550.55,341083,69369
SHEMAROO,20180123,555,594.7,544,562.4,191229,43410
SHEMAROO,20180124,550,575,536.75,542.55,104243,32869
SHEMAROO,20180125,542.3,547.5,526.95,529.7,26028,14180
SHEMAROO,20180129,533,539.5,518,525.25,21594,14594
SHEMAROO,20180130,525,546.95,507,530.6,30105,12079
SHEMAROO,20180131,520.45,535,515.05,524.5,11311,5860
SHEMAROO,20180201,516.55,535,516.55,525.3,30813,22707
SHEMAROO,20180202,531,550,485,520.15,28209,16488
SHEMAROO,20180205,520.15,560,485.2,551.75,29947,17821
SHEMAROO,20180206,529.7,529.95,505.1,518.55,27628,17546
SHEMAROO,20180207,529.95,530,505,512.45,27566,13106
SHEMAROO,20180208,510,542.95,510,539.05,24882,12648
SHEMAROO,20180209,528,543.95,517,525.7,16562,7865
SHEMAROO,20180212,521.5,539.9,505.05,508.35,36818,22264
SHEMAROO,20180214,519.75,525,510,513.1,15382,10857
SHEMAROO,20180215,514.2,534.95,510,511.3,16508,7455
SHEMAROO,20180216,520,525,510,515.75,13013,7172
SHEMAROO,20180219,516.05,516.05,498.95,500.8,41152,33989
SHEMAROO,20180220,502,527.4,499.6,523.55,19425,10701
SHEMAROO,20180221,524,527.95,512,514.35,6537,2478
SHEMAROO,20180222,518.1,524.5,508.55,516.2,5785,3093
SHEMAROO,20180223,516.2,529,512.4,524.45,8209,5804
SHEMAROO,20180226,527.1,537.45,526.1,530.2,7542,4696
SHEMAROO,20180227,527.05,533.9,515,519.6,6460,4809
SHEMAROO,20180228,508.05,535.05,505,515.85,13570,7325
SHEMAROO,20180301,518.55,523.85,511.05,513.4,7547,3662
SHEMAROO,20180305,514.05,535,514,529.3,11261,8220
SHEMAROO,20180306,534.9,534.9,509.25,526.35,152511,136886
SHEMAROO,20180307,526.35,526.35,515.05,518,118900,112761
SHEMAROO,20180308,518.1,529.4,506,511.25,9514,5945
SHEMAROO,20180309,522.95,524.25,504,505.25,8684,6060
SHEMAROO,20180312,517.85,520,508,513.4,9023,5131
SHEMAROO,20180313,515.1,517.95,507.95,510.15,5576,3554
SHEMAROO,20180314,514.5,514.95,498.1,505.8,10246,4750
SHEMAROO,20180315,511.95,511.95,500.05,504.45,6801,3110
SHEMAROO,20180316,504.6,515,503,504.5,8823,5829
SHEMAROO,20180319,512.95,512.95,485,489.8,11223,7863
SHEMAROO,20180320,477.05,505,477.05,492,9463,6478
SHEMAROO,20180321,504.25,504.6,476.9,483.5,5906,4482
SHEMAROO,20180322,488.95,489.05,465,469.65,8853,5925
SHEMAROO,20180323,469.65,512,461.2,497.25,34577,19570
SHEMAROO,20180326,498.95,518.8,485,513.45,17472,9030
SHEMAROO,20180327,509.35,519.8,505.95,512.55,4647,1911
SHEMAROO,20180328,511.95,515.45,485.25,511.95,9100,4972
SHEMAROO,20180402,516,533,515,529.6,14927,11782
SHEMAROO,20180403,525,555,524.5,550.85,17071,11674
SHEMAROO,20180404,552,558,533.9,543.55,13906,6895
SHEMAROO,20180405,545.05,559.4,541.25,554.4,10443,6674
SHEMAROO,20180406,555,555,527.3,536.65,10309,6922
SHEMAROO,20180409,536.65,544.8,528.6,535.45,5164,2049
SHEMAROO,20180410,531.8,556.9,531.8,535.6,7546,4169
SHEMAROO,20180411,536.25,540,511.95,518.65,12053,6977
SHEMAROO,20180412,518.65,526.95,516.1,519.15,4611,2505
SHEMAROO,20180413,524.95,533.8,510,513.4,7157,4416
SHEMAROO,20180416,523.55,523.55,505.75,509.35,7618,5778
SHEMAROO,20180417,510,515.5,505.55,507.9,7040,5506
SHEMAROO,20180418,507.9,514.75,503.15,507.05,7075,5596
SHEMAROO,20180419,507,510,495,498.2,9420,0
SHEMAROO,20180420,498.55,510,498.2,501.5,4667,3011
SHEMAROO,20180423,502.5,506.9,496,501.5,8896,7329
SHEMAROO,20180424,502.5,505.75,487,491.3,7091,5118
SHEMAROO,20180425,490.4,490.4,481.25,484.25,15886,11496
SHEMAROO,20180426,484.15,494.75,476.3,478.35,13967,11940
SHEMAROO,20180427,488.65,489.8,476.3,478.65,9155,6690
SHEMAROO,20180430,480.75,488.9,478.25,482.35,11058,9321
SHEMAROO,20180502,488.55,488.55,465.9,468.65,12484,9995
SHEMAROO,20180503,470.55,470.95,459.05,463,13609,8940
SHEMAROO,20180504,464.05,472,452.55,465.35,15022,11259
SHEMAROO,20180507,465.35,473,455.9,460.9,5674,3741
SHEMAROO,20180508,462.2,481.2,462.2,466.95,8257,4141
SHEMAROO,20180509,470.5,477,458,459.25,8843,6333
SHEMAROO,20180510,461.95,476,457,458.1,13291,9145
SHEMAROO,20180511,462.95,466.9,456.05,461.45,2923,1542
SHEMAROO,20180514,469.55,479.5,451.1,453.2,7726,4748
SHEMAROO,20180515,460.3,468,444.8,462.5,12799,9461
SHEMAROO,20180516,469,486.95,456.25,469.3,81039,59125
SHEMAROO,20180517,473.05,473.05,458.05,460.85,22432,18049
SHEMAROO,20180518,463.05,470.5,450,465,71208,66363
SHEMAROO,20180521,470,480,456.55,464.35,20377,14196
SHEMAROO,20180522,467.7,479,462.95,473.15,3593,2472
SHEMAROO,20180523,476.55,478,463.25,472.7,4026,2441
SHEMAROO,20180524,475,480,460,464.6,5411,3581
SHEMAROO,20180525,469.05,476.45,469,470.7,2690,1827
SHEMAROO,20180528,474.55,482,464,467.3,5008,3654
SHEMAROO,20180529,478.2,533.05,472.65,499.25,42109,15183
SHEMAROO,20180530,492.25,511.4,490,500.9,8711,6394
SHEMAROO,20180531,515.9,516.7,493.5,504.15,12767,8333
SHEMAROO,20180601,509.8,509.8,490.55,495.5,4049,3011
SHEMAROO,20180604,499.35,500.45,480,482.15,3505,2546
SHEMAROO,20180605,475,495,462.35,466.75,7469,5062
SHEMAROO,20180606,467.1,487.95,462.7,483.5,5049,2658
SHEMAROO,20180607,484,495.05,484,492.15,5496,4100
SHEMAROO,20180608,489.6,490.9,482,484.7,3726,2264
SHEMAROO,20180611,484.7,492.1,483,488.25,2134,1718
SHEMAROO,20180612,489.75,511.85,485.8,497.3,12241,8268
SHEMAROO,20180613,499,500,483.8,487.85,5161,3349
SHEMAROO,20180614,487.85,494,487.85,491.1,10434,9936
SHEMAROO,20180615,492.45,500,490.3,498.95,3062,1479
SHEMAROO,20180618,481.35,497.7,481.35,491.65,2827,1412
SHEMAROO,20180619,491.65,500,491.5,496.6,3359,1606
SHEMAROO,20180620,495.95,496.05,488.95,492.3,851,622
SHEMAROO,20180621,491.8,499.85,482.95,491.55,3926,2458
SHEMAROO,20180622,491.25,497.75,481.5,488.35,4487,3121
SHEMAROO,20180625,487.15,495.9,487.15,492.4,5185,3268
SHEMAROO,20180626,492.25,500,480,496.8,7374,4494
SHEMAROO,20180627,494.7,498.6,485,493.1,20832,18559
SHEMAROO,20180628,493.05,493.05,463.45,465.55,8428,6426
SHEMAROO,20180629,467.4,491,460,470.45,5332,1936
SHEMAROO,20180702,480,480.95,459.9,476.55,5198,2557
SHEMAROO,20180703,469.7,480,461,462.2,8045,4226
SHEMAROO,20180704,462.2,484.9,462,472,8541,2802
SHEMAROO,20180705,464.7,488.95,464.7,482.7,6338,2572
SHEMAROO,20180706,482.1,482.1,459.3,460.75,9682,5607
SHEMAROO,20180709,461.3,469.8,460,465,5489,3009
SHEMAROO,20180710,465,474.75,460.85,464.4,5202,3733
SHEMAROO,20180711,460.05,469.4,450,455.65,5389,3733
SHEMAROO,20180712,446.85,461.4,440,445.1,7631,5280
SHEMAROO,20180713,445.1,445.95,436.5,437.6,7151,5721
SHEMAROO,20180716,440,449.3,436.05,438.1,4461,3050
SHEMAROO,20180717,436.05,467.2,436.05,450.1,4588,3334
SHEMAROO,20180718,450.05,458,445.95,450.1,3033,2578
SHEMAROO,20180719,445.5,448.35,422.9,428.3,7910,5495
SHEMAROO,20180720,434.15,445.9,425.3,440.85,5878,3434
SHEMAROO,20180723,449,450,445,449.85,11299,7661
SHEMAROO,20180724,449.95,466.95,449.15,465.65,11938,9619
SHEMAROO,20180725,465,477.25,461.15,471.75,7270,4085
SHEMAROO,20180726,472,481.7,470,472.65,4606,3502
SHEMAROO,20180727,481.7,491.95,473,482.3,11494,6398
SHEMAROO,20180730,484.95,498.3,482.5,497.45,13215,10594
SHEMAROO,20180731,496.6,516.85,480.65,503.7,15216,6915
SHEMAROO,20180801,496.75,504.8,496.6,499.15,3045,2137
SHEMAROO,20180802,498.1,510,485,507.45,6716,5436
SHEMAROO,20180803,502.95,511.4,491,499.8,7050,3567
SHEMAROO,20180806,503,506.35,498,501.85,8447,5988
SHEMAROO,20180807,500.65,503.35,490,492.25,6089,3667
SHEMAROO,20180808,489.2,500,485,485.35,6901,2843
SHEMAROO,20180809,485.35,493.7,481.55,491.95,6028,2680
SHEMAROO,20180810,487.3,494.95,473,491.1,7080,4209
SHEMAROO,20180813,494.55,495,481.05,481.7,4122,1939
SHEMAROO,20180814,498.9,498.9,472.05,476.5,8282,4394
SHEMAROO,20180816,485.95,487,469,478.35,2570,1169
SHEMAROO,20180817,480.55,492.8,480.55,489.05,2389,928
SHEMAROO,20180820,492.05,492.05,475.5,479.7,6852,3391
SHEMAROO,20180821,470.1,490,470.1,487.7,3660,2290
SHEMAROO,20180823,490.8,492.95,474,479.35,3664,2173
SHEMAROO,20180824,480,488,465,473.3,7930,5497
SHEMAROO,20180827,478.75,486,468,473.25,3577,1820
SHEMAROO,20180828,473,489.8,473,485.35,4288,2656
SHEMAROO,20180829,483,486.7,477,480.95,3471,1107
SHEMAROO,20180830,481,513.55,480.95,509.35,16968,11379
SHEMAROO,20180831,500.1,512,498,505.85,7698,5824
SHEMAROO,20180903,499,532,499,521.5,10969,8624
SHEMAROO,20180904,520.75,524.95,484.35,498.25,8287,4870
SHEMAROO,20180905,495,507.45,483.1,489.35,6418,3135
SHEMAROO,20180906,497.25,505,484.4,490.5,5098,2216
SHEMAROO,20180907,496.7,496.7,485,492.25,3707,2644
SHEMAROO,20180910,494.95,496.55,484.3,488.7,3515,2346
SHEMAROO,20180911,494.85,495.7,477,478.2,4796,2133
SHEMAROO,20180912,479.5,495.2,479.5,492.4,2189,1260
SHEMAROO,20180914,502.15,504.7,494,495.75,3270,1710
SHEMAROO,20180917,490,500,477.1,495.45,5185,2698
SHEMAROO,20180918,501.05,543.1,490,505,8303,4307
SHEMAROO,20180919,515.05,515.05,489.8,497.4,1932,866
SHEMAROO,20180921,496,507.75,451.1,484.2,10366,7057
SHEMAROO,20180924,480.85,482.55,445.05,451.65,17059,10740
SHEMAROO,20180925,451.65,460,435.95,450.7,23874,19672
SHEMAROO,20180926,459.6,460,430,436.6,11428,8122
SHEMAROO,20180927,437,451,414.35,419.55,11169,7804
SHEMAROO,20180928,420.8,447.5,420.8,424,9505,5767
SHEMAROO,20181001,425.75,429.15,409.85,414.45,9573,6581
SHEMAROO,20181003,416.85,428.35,410,416.95,7019,4374
SHEMAROO,20181004,403,431.35,380.55,399.15,12499,9230
SHEMAROO,20181005,406,407.95,376.3,405.45,9037,5312
SHEMAROO,20181008,435,435,402,408.95,12570,6864
SHEMAROO,20181009,407.3,433,405,422.75,5049,2100
SHEMAROO,20181010,425.45,439.7,405,423.05,9955,6159
SHEMAROO,20181011,419,445,410,433.55,9521,5393
SHEMAROO,20181012,442.1,462,433.55,453.2,2516,1096
SHEMAROO,20181015,461.95,462,440.85,456.55,27607,26716
SHEMAROO,20181016,459.85,462,450,456.05,1477,1051
SHEMAROO,20181017,457.25,463.4,435,437,2822,2079
SHEMAROO,20181019,431.05,441.3,390.2,428.25,61680,53489
SHEMAROO,20181022,421.9,428.95,405,417.95,3368,1310
SHEMAROO,20181023,426,426,405,412.2,5442,2440
SHEMAROO,20181024,411.3,417.55,410.1,412.25,3926,2426
SHEMAROO,20181025,410.2,421.8,403.75,411.75,3946,2509
SHEMAROO,20181026,415.05,462,414.35,446.7,2600,1412
SHEMAROO,20181029,455.1,461.9,442.7,456.8,4312,2561
SHEMAROO,20181030,463,463,436.55,445.95,1463,789
SHEMAROO,20181031,447.65,485,431.2,438.75,9394,4746
SHEMAROO,20181101,451,526.5,447.9,518.15,178123,115615
SHEMAROO,20181102,509,514.7,463,476.25,13775,5727
SHEMAROO,20181105,485.75,485.75,465.35,477.4,2308,1229
SHEMAROO,20181106,473.5,484,469,480.75,1348,830
SHEMAROO,20181107,483.95,494,471.55,485.05,747,433
SHEMAROO,20181109,490,490,452.6,464.05,5399,2913
SHEMAROO,20181112,465.9,465.9,432.6,449.35,9779,6399
SHEMAROO,20181113,456.85,465.95,434.2,464,5047,2893
SHEMAROO,20181114,467.95,467.95,455.35,465.7,2877,2289
SHEMAROO,20181115,469.5,469.5,450,457.05,2777,1676
SHEMAROO,20181116,458,465.05,451.25,459.85,4221,1933
SHEMAROO,20181119,461.8,490,450,471.5,5103,3765
SHEMAROO,20181120,471.35,480,464.95,478.15,3641,2678
SHEMAROO,20181121,474.55,475.6,453.65,468.35,2762,1377
SHEMAROO,20181122,469.1,489,468.55,477.95,1886,1379
SHEMAROO,20181126,480.05,480.05,456.2,461.65,2779,1850
SHEMAROO,20181127,470.85,475,457.55,471.9,2075,761
SHEMAROO,20181128,469.85,475.95,461,469.65,4679,3587
SHEMAROO,20181129,469.9,475,459.2,462.15,5720,4471
SHEMAROO,20181130,462.15,469.9,460.05,461.25,713,445
SHEMAROO,20181203,469.9,470,462.2,468.2,9791,9063
SHEMAROO,20181204,466.05,466.05,456.2,459.3,3410,2084
SHEMAROO,20181205,459.35,459.35,435.1,445.1,11859,6913
SHEMAROO,20181206,445,447.15,434.25,440.1,15669,14538
SHEMAROO,20181207,438,442.15,425.1,430.85,13189,11085
SHEMAROO,20181210,434.85,437.45,431,432.85,2443,2049
SHEMAROO,20181211,433.9,435.55,430,431.4,1634,1417
SHEMAROO,20181212,429.7,439.5,427.05,434.05,2137,1208
SHEMAROO,20181213,434.35,439.5,425,429.6,10645,7120
SHEMAROO,20181214,432.65,432.7,412.45,420.25,12808,7815
SHEMAROO,20181217,420.9,434.8,420.9,428.05,6408,5808
SHEMAROO,20181218,430.3,431.15,414.35,419.35,8991,7236
SHEMAROO,20181219,421.4,425.1,419.4,423.9,11783,8870
SHEMAROO,20181220,424.5,425.2,422,424.8,4910,4635
SHEMAROO,20181221,425,425,417.5,420.15,13372,13091
SHEMAROO,20181224,419.95,424,415,420.65,2210,1827
SHEMAROO,20181226,420,429.05,415,422.25,1349,751
SHEMAROO,20181227,422.85,432.4,422.85,423.6,1809,1091
SHEMAROO,20181228,425.45,429.6,421.2,426.65,2471,1280
SHEMAROO,20181231,429.9,432,420,430.05,3369,1947
SHEMAROO,20190101,431.1,435,423.1,425,1685,942
SHEMAROO,20190102,427,444.8,421,430.7,3082,1991
SHEMAROO,20190103,430.1,454.4,427.1,432.55,5256,3357
SHEMAROO,20190104,434.05,444.7,428.1,433.55,1580,834
SHEMAROO,20190107,440,448.45,429.05,438,5411,4124
SHEMAROO,20190108,439.9,449.9,435,439.75,2426,1774
SHEMAROO,20190109,443.35,443.35,435,437.5,2210,1471
SHEMAROO,20190110,442.45,454,435,444.05,5501,3641
SHEMAROO,20190111,443.7,449,437.05,439.9,1059,461
SHEMAROO,20190114,429,440.1,429,438.7,2913,2102
SHEMAROO,20190115,438.25,445.9,432,433.5,5296,3271
SHEMAROO,20190116,435.85,446,430,438.05,4016,2507
SHEMAROO,20190117,436.55,449.85,431.3,435.55,2862,1942
SHEMAROO,20190118,438.6,443,428.5,429,3570,3061
SHEMAROO,20190121,431.75,436,421,423.15,5725,4594
SHEMAROO,20190122,426.35,430.2,415,416,5513,2798
SHEMAROO,20190123,418.65,423.45,411.3,414.6,3924,3067
SHEMAROO,20190124,416.35,428.4,391.05,402.25,20236,15846
SHEMAROO,20190125,405.05,419.8,401,415.7,4754,4123
SHEMAROO,20190128,415.9,424.55,395,404,23939,21986
SHEMAROO,20190129,402.1,409.7,335,354.5,52948,28407
SHEMAROO,20190130,364.5,380,351,363.9,13416,7278
SHEMAROO,20190131,365.45,377.8,364.5,369.55,7358,5657
SHEMAROO,20190201,363,378.35,347.6,354.35,110846,108902
SHEMAROO,20190204,351.05,358,344.6,350,19538,17004
SHEMAROO,20190205,351.45,351.45,337.1,338.9,13461,11256
SHEMAROO,20190206,339.95,343.5,336,340.7,12311,9725
SHEMAROO,20190207,342.05,357.7,340,345.2,8708,6088
SHEMAROO,20190208,342.65,356.5,342.65,355.05,2434,1773
SHEMAROO,20190211,379,379,351.05,358.2,9553,8497
SHEMAROO,20190212,358,359,345.05,350.1,9219,7361
SHEMAROO,20190213,346.9,349,335,339.65,15910,10244
SHEMAROO,20190214,338.15,348,338.15,347.05,8559,7404
SHEMAROO,20190215,347.4,352,344,350.6,15237,14803
SHEMAROO,20190218,351.9,351.95,333.05,340.55,5464,3346
SHEMAROO,20190219,351.4,351.95,335.5,344.45,4338,3226
SHEMAROO,20190220,346.2,350,346.2,349.45,3721,3085
SHEMAROO,20190221,348.45,354.5,348,351.7,5657,4106
SHEMAROO,20190222,350.9,359.5,350.55,358.3,3072,1719
SHEMAROO,20190225,358,361.95,355.05,357.05,4938,3024
SHEMAROO,20190226,361.95,367,356,365.3,3877,2463
SHEMAROO,20190227,367,411.95,367,379.2,27613,8892
SHEMAROO,20190228,380.2,398.7,374.95,390.05,11456,9203
SHEMAROO,20190301,390.95,392.65,380,386,3725,1914
SHEMAROO,20190305,389,397,379.7,390.05,5059,3635
SHEMAROO,20190306,396,397.95,384.3,389.3,5160,3241
SHEMAROO,20190307,385,402,385,397.65,5139,3483
SHEMAROO,20190308,403,403,380,385.05,7175,3196
SHEMAROO,20190311,380,405,380,400,6092,3815
SHEMAROO,20190312,400.1,405.95,390.1,400.65,10016,6426
SHEMAROO,20190313,401.05,407.95,394,405.6,4107,2316
SHEMAROO,20190314,407.85,407.85,369.1,386.1,22455,10695
SHEMAROO,20190315,393.75,395.45,382,388.45,8020,3843
SHEMAROO,20190318,394.45,406.95,392.8,405.65,5571,3750
SHEMAROO,20190319,407,411.9,401,408.8,3684,2267
SHEMAROO,20190320,411.85,412.45,400,406.2,4632,3030
SHEMAROO,20190322,404.55,405.95,396,401.55,6747,0
SHEMAROO,20190325,407.9,407.9,395,395.7,8280,0
SHEMAROO,20190326,402.15,404.75,386.6,390.05,5191,0
SHEMAROO,20190327,397.85,404.5,396.05,400.05,9582,0
SHEMAROO,20190328,404.15,410,402.55,408.85,3555,0
SHEMAROO,20190329,409.05,410,400,406.9,4943,0
SHEMAROO,20190401,407.05,410.8,404.3,406.3,2981,0
SHEMAROO,20190402,406.25,413,400.05,409.65,3192,0
SHEMAROO,20190403,409.65,416.1,397,399.8,10343,0
SHEMAROO,20190404,407.8,407.8,393.05,395,7470,0
SHEMAROO,20190405,401.4,402.6,400.05,400.65,4582,0
SHEMAROO,20190408,400.3,411,399,400.05,4488,0
SHEMAROO,20190409,405.25,406.95,383,386.45,10110,0
SHEMAROO,20190410,390.95,403.1,389.05,400,7335,0
SHEMAROO,20190411,392,409,392,405.95,2691,0
SHEMAROO,20190412,414,414.2,405.05,408.05,2410,0
SHEMAROO,20190415,403.95,411,393,400.85,4957,0
SHEMAROO,20190416,395,419,395,400.55,8806,0
SHEMAROO,20190418,400.15,400.15,383,390.05,15036,0
SHEMAROO,20190422,391.05,403,387.1,398.05,2706,0
SHEMAROO,20190423,393.45,402,390,397.15,2919,0
SHEMAROO,20190424,395.2,399.9,384.05,394.95,5972,0
SHEMAROO,20190425,392.45,399.95,388,396.35,1043,0
SHEMAROO,20190426,392.8,393.5,384.8,390.85,2118,0
SHEMAROO,20190430,387.1,400,383,384.5,3226,0
SHEMAROO,20190502,384.5,396.9,384.5,393.45,1616,0
SHEMAROO,20190503,393.65,393.65,385.7,390.45,2474,0
SHEMAROO,20190506,385.1,387.15,362.1,369.8,8159,0
SHEMAROO,20190507,375,375,360.1,361.6,6492,0
SHEMAROO,20190508,364.5,402.5,364.5,389.45,38044,0
SHEMAROO,20190509,393.8,393.8,368.6,375.95,7207,0
SHEMAROO,20190510,370.4,393,370.4,377.05,2899,0
SHEMAROO,20190513,384.6,388.05,362.2,381.8,5012,0
SHEMAROO,20190514,383.2,383.2,355.05,368.95,13635,0
SHEMAROO,20190515,373.35,373.65,355.15,358.1,4505,0
SHEMAROO,20190516,360.9,361.05,349.6,352.8,13580,0
SHEMAROO,20190517,354.95,358.05,346.55,351.45,4561,0
SHEMAROO,20190520,370,374,354.95,357.4,5094,0
SHEMAROO,20190521,358.05,364,352.1,356.85,3895,0
SHEMAROO,20190522,364,364,356.05,361,1555,0
SHEMAROO,20190523,370,375.95,361.6,366.35,4300,0
SHEMAROO,20190524,363.5,363.6,352.05,359.5,6641,0
SHEMAROO,20190527,360.75,387,360.75,383,7101,0
SHEMAROO,20190528,381,391,365.1,370.1,3305,0
SHEMAROO,20190529,375.3,385,371.05,382.15,4446,0
SHEMAROO,20190530,383.75,386,375,381.6,3665,0
SHEMAROO,20190531,372.05,380.7,365.05,366.65,3323,0
SHEMAROO,20190603,366,378,357,364.45,10912,0
SHEMAROO,20190604,365.65,372.95,363.6,365.5,1731,0
SHEMAROO,20190606,365.05,375.9,361.05,369.7,2697,0
SHEMAROO,20190607,370.05,381.4,368,379.85,4333,0
SHEMAROO,20190610,381.95,381.95,352.6,360.15,8068,0
SHEMAROO,20190611,360,372,360,363.15,3448,0
SHEMAROO,20190612,364.95,365.05,355.05,357.9,2237,0
SHEMAROO,20190613,359.1,362.85,351,353.5,2428,0
SHEMAROO,20190614,360.95,361,350.05,352.4,1371,0
SHEMAROO,20190617,370,370,350,350.45,3489,0
SHEMAROO,20190618,355.8,367.45,346.55,357.2,4726,0
SHEMAROO,20190619,362.35,372,352,356.9,2737,0
SHEMAROO,20190620,360,360,340.2,344,7991,0
SHEMAROO,20190621,349.85,358.95,346.25,352.55,1137,0
SHEMAROO,20190624,354.85,357.25,336.9,340.65,4236,0
SHEMAROO,20190625,341.05,353.3,336,351.4,4871,0
SHEMAROO,20190626,351.35,351.4,340,344.35,1972,0
SHEMAROO,20190627,343.1,357.65,339,355,14846,0
SHEMAROO,20190628,350.05,360.1,341.05,347.25,25655,0
SHEMAROO,20190701,349.9,349.95,334,338.1,7491,0
SHEMAROO,20190702,347.8,355,335.15,352.65,4820,0
SHEMAROO,20190703,352.05,352.05,341.85,346.5,3503,0
SHEMAROO,20190704,344,348,340,341.05,2272,0
SHEMAROO,20190705,344.6,355,311.65,320.65,14100,0
SHEMAROO,20190708,322.35,332,313.25,320.35,7378,0
SHEMAROO,20190709,320.05,324.8,315.3,315.95,46256,0
SHEMAROO,20190710,313.25,313.25,289,298,16421,0
SHEMAROO,20190711,304.7,311,300,305.3,7669,0
SHEMAROO,20190712,306.1,327.4,303.85,306.05,43015,0
SHEMAROO,20190715,305.05,317.55,302.45,313,42527,0
SHEMAROO,20190716,313.75,323.8,310,317.2,68965,0
SHEMAROO,20190717,317.35,319,315,315.8,38383,0
SHEMAROO,20190718,316,346.4,312,338.05,194209,0
SHEMAROO,20190719,337,339,322,331,44843,0
SHEMAROO,20190722,328.35,345,313.25,335.3,45393,0
SHEMAROO,20190723,331.45,356.35,330.55,347.2,118926,0
SHEMAROO,20190724,342.1,345,338.05,341.55,3009,0
SHEMAROO,20190725,341.9,356,341.9,353,13028,0
SHEMAROO,20190726,357.9,357.95,340,341.55,2191,0
SHEMAROO,20190729,341.6,343.45,331,331.95,1100,0
SHEMAROO,20190730,326.35,335.2,326.35,330.75,1717,0
SHEMAROO,20190731,329.05,351.4,320.05,338.8,5627,0
SHEMAROO,20190801,332.05,339,331.3,333.3,3977,0
SHEMAROO,20190802,331.85,339.4,320.05,332.95,1459,0
SHEMAROO,20190805,336.1,337,305.15,327.1,4744,0
SHEMAROO,20190806,329.95,334.95,320.2,325.9,2553,0
SHEMAROO,20190807,319.95,327.8,313,314.6,45075,0
SHEMAROO,20190808,314.6,314.6,291.8,298.85,7580,0
SHEMAROO,20190809,297.25,318.55,291.65,294.8,11163,0
SHEMAROO,20190813,288,295,268.1,269.6,13582,0
SHEMAROO,20190814,269.05,275.9,269,274.6,2162,0
SHEMAROO,20190816,284.75,284.75,275,282.6,2430,0
SHEMAROO,20190819,293.95,294,278.05,281.3,874,0
SHEMAROO,20190820,278,291.55,273.65,284.65,1641,0
SHEMAROO,20190821,296.9,296.9,269,271.6,516,0
SHEMAROO,20190822,270.1,274,262,264.05,2744,0
SHEMAROO,20190823,260,280,258,261.05,4329,0
SHEMAROO,20190826,256.8,279,255,258.3,2139,0
SHEMAROO,20190827,257.05,277.65,257.05,263.8,4530,0
SHEMAROO,20190828,267.95,270,252,254.5,3709,0
SHEMAROO,20190829,252.05,265,244.2,245.5,5285,0
SHEMAROO,20190830,250,259.6,246,248.6,7372,0
SHEMAROO,20190903,242,253.95,242,246.9,1391,0
SHEMAROO,20190904,245.45,249.35,245,245.2,1080,0
SHEMAROO,20190905,246.5,258.65,245.95,253,954,0
SHEMAROO,20190906,254.95,255,250,253.85,1561,0
SHEMAROO,20190909,260,260,233.1,236,29122,0
SHEMAROO,20190911,235.05,244.75,235.05,237.85,4769,0
SHEMAROO,20190912,245,255,242,247.05,9436,0
SHEMAROO,20190913,250,260,244,254.1,2535,0
SHEMAROO,20190916,254.95,255,246.05,252.7,2756,0
SHEMAROO,20190917,260,260,246.05,252.1,3332,0
SHEMAROO,20190918,253.5,255,244.25,250.65,2625,0
SHEMAROO,20190919,253.55,253.7,239,242.15,5844,0
SHEMAROO,20190920,243.35,255,243,250.35,5922,0
SHEMAROO,20190923,255,255,245,254.65,11127,0
SHEMAROO,20190924,266.9,266.9,247,253.9,5617,0
SHEMAROO,20190925,254,255,246.1,248.95,10627,0
SHEMAROO,20190926,252.6,254,243.65,247.3,2062,0
SHEMAROO,20190927,248.25,254.4,242.1,246.1,4861,0
SHEMAROO,20190930,248,251,235.1,244.15,14452,0
SHEMAROO,20191001,243.85,243.85,236.1,236.3,4965,0
SHEMAROO,20191003,238.1,248.4,228.4,232.9,7318,0
SHEMAROO,20191004,232.9,246.85,223.1,224.7,3453,0
SHEMAROO,20191007,235.75,249.5,226.1,244.05,13849,0
SHEMAROO,20191009,248,257.9,244,254.3,7200,0
SHEMAROO,20191010,255,263.85,245.3,251.55,4324,0
SHEMAROO,20191011,250.05,256.1,240,246.95,5214,0
SHEMAROO,20191014,246,251.1,244,246.7,3034,0
SHEMAROO,20191015,249.95,259.95,244,246.9,1852,0
SHEMAROO,20191016,248.05,248.05,239.6,244.3,3205,0
SHEMAROO,20191017,247.2,248.35,225,228.5,17194,0
SHEMAROO,20191018,220,227.85,182.8,188.35,123665,0
SHEMAROO,20191022,179.4,189,175.1,178.55,66993,0
SHEMAROO,20191023,178,187,177.95,183.95,21388,0
SHEMAROO,20191024,183.95,190,182.75,184.6,13318,0
SHEMAROO,20191025,186,186,176.45,178.7,10065,0
SHEMAROO,20191027,179.3,184.75,178.7,180.2,4036,0
SHEMAROO,20191029,188,188,176.05,181.45,7096,0
SHEMAROO,20191030,184.75,184.75,177.4,182.6,9073,0
SHEMAROO,20191031,186.9,186.9,182.05,184.6,27596,0
SHEMAROO,20191101,184.85,185.2,179,182.3,4863,0
SHEMAROO,20191104,180,183.55,175.1,176.2,16622,0
SHEMAROO,20191105,175.1,181,175.1,176.95,3294,0
SHEMAROO,20191106,182.95,182.95,175,179.6,7372,0
SHEMAROO,20191107,180.05,181.7,176.3,177.4,5041,0
SHEMAROO,20191108,177.05,180,174,175.45,5786,0
SHEMAROO,20191111,178,178,169.95,170.6,8897,0
SHEMAROO,20191113,171,174,167,168.4,7876,0
SHEMAROO,20191114,167.45,167.7,160.6,161.25,8156,0
SHEMAROO,20191115,161.35,166.35,150,152.4,15988,0
SHEMAROO,20191118,154.85,156,145.8,148.35,17807,0
SHEMAROO,20191119,148.4,150,145,148.15,7531,0
SHEMAROO,20191120,148.2,149.05,140.6,142,18025,0
SHEMAROO,20191121,141.7,146.9,141.1,143.4,11605,0
SHEMAROO,20191122,143.4,145.15,136.7,141.2,10347,0
SHEMAROO,20191125,147.95,148,141.85,146.25,4989,0
SHEMAROO,20191126,148,171.1,145,152.3,64211,0
SHEMAROO,20191127,152.65,163,146.5,148.6,27415,0
SHEMAROO,20191128,143.65,148.65,141.05,142.55,15273,0
SHEMAROO,20191129,142.65,152.5,142.65,145.8,15398,0
SHEMAROO,20191202,145.8,145.8,140.4,141.55,9280,0
SHEMAROO,20191203,141,145.05,134.2,137.15,13722,0
SHEMAROO,20191204,136.05,138.45,134.6,136.9,5816,0
SHEMAROO,20191205,136.45,150,135.5,142.3,3817,0
SHEMAROO,20191206,142.8,161.5,137.55,143.25,42187,0
SHEMAROO,20191209,145.95,145.95,136,138,8498,0
SHEMAROO,20191210,138.05,139.75,135.1,136.85,3940,0
SHEMAROO,20191211,136.1,138.35,132.6,135,5821,0
SHEMAROO,20191212,136.35,136.95,133.4,135.35,3369,0
SHEMAROO,20191213,135.4,140,132.8,137.25,29704,0
SHEMAROO,20191216,135,145.5,135,140.1,6592,0
SHEMAROO,20191217,140.55,144.35,136.3,140.9,12316,0
SHEMAROO,20191218,142.1,142.1,137,137.7,5440,0
SHEMAROO,20191219,138.1,138.95,136.55,137.05,8659,0
SHEMAROO,20191220,137.05,138.75,136.55,138.25,1046,0
SHEMAROO,20191223,140,140,136.5,137.1,14317,0
SHEMAROO,20191224,138.45,139.1,133.1,134.5,11807,0
SHEMAROO,20191226,134.55,145,133.1,139.7,16319,0
SHEMAROO,20191227,138.6,144.4,138.6,140.3,6457,0
SHEMAROO,20191230,141.55,154.95,140,141.6,4858,0
SHEMAROO,20191231,144.05,144.05,139.15,139.9,8387,0
SHEMAROO,20200101,140.15,144.7,138.05,143.7,3950,0
SHEMAROO,20200102,144.55,172.4,144.55,172.4,126713,0
SHEMAROO,20200103,182,186,156.35,159.15,107873,0
SHEMAROO,20200106,161.55,161.9,149,149.6,34766,0
SHEMAROO,20200107,149,153.85,145,145.65,16050,0
SHEMAROO,20200108,140.1,155.7,140.1,151.9,18169,0
SHEMAROO,20200109,156.9,164,152,161.2,17820,0
SHEMAROO,20200110,160,165.8,157.9,159.55,12610,0
SHEMAROO,20200113,157,159.85,153.55,156.6,5804,0
SHEMAROO,20200114,155,159.45,152.1,158.15,6208,0
SHEMAROO,20200115,157,158.45,154.1,156.7,4675,0
SHEMAROO,20200116,155.1,165.5,155.1,164.45,14518,0
SHEMAROO,20200117,163,179,161.05,177.35,44250,0
SHEMAROO,20200120,178,178.9,165,166.35,13612,0
SHEMAROO,20200121,173.4,173.95,167.1,171.6,7115,0
SHEMAROO,20200122,171.6,176.8,168,169.85,6723,0
SHEMAROO,20200123,172.35,174,166.6,169.8,3398,0
SHEMAROO,20200124,169,171.75,164.05,167.15,4530,0
SHEMAROO,20200127,167.15,168.95,165,165.25,2035,0
SHEMAROO,20200128,164.95,167.9,162,165.7,1949,0
SHEMAROO,20200129,164,168.8,162.85,167.75,1110,0
SHEMAROO,20200130,167.75,167.75,157.2,158.35,5580,0
SHEMAROO,20200131,158.05,169.8,155.15,165.5,4683,0
SHEMAROO,20200201,166.95,168.85,151.3,156.2,2099,0
SHEMAROO,20200203,154,156.7,146.55,150.35,4180,0
SHEMAROO,20200204,156.35,161.7,147.5,150.25,3848,0
SHEMAROO,20200205,152,154.55,148.2,151.25,2410,0
SHEMAROO,20200206,153,155,149.4,152.15,1250,0
SHEMAROO,20200207,153.75,155.3,146.7,151.55,2180,0
SHEMAROO,20200210,153.95,153.95,146.6,148.2,3620,0
SHEMAROO,20200211,148.05,148.5,143,144.35,3957,0
SHEMAROO,20200212,120,126,115.5,115.5,71028,0
SHEMAROO,20200213,104.95,114,93,97.8,131669,0
SHEMAROO,20200214,98,104,91.1,92.05,90923,0
SHEMAROO,20200217,87,89.1,82.85,82.85,90456,0
SHEMAROO,20200218,76.6,76.6,74.6,74.6,39000,0
SHEMAROO,20200219,70.9,75,70.9,71.15,164862,0
SHEMAROO,20200220,71,74.3,70.1,72.55,119090,0
SHEMAROO,20200224,74.9,74.9,68.95,68.95,28032,0
SHEMAROO,20200225,66.1,66.1,65.55,65.55,8544,0
SHEMAROO,20200226,62.3,65,62.3,62.3,56341,0
SHEMAROO,20200227,59.2,65.4,59.2,64.05,75470,0
SHEMAROO,20200228,64.05,64.05,60.85,62.25,44128,0
SHEMAROO,20200302,59.15,64.4,59.15,59.15,41993,0
SHEMAROO,20200303,56.5,58,56.2,56.2,37645,0
SHEMAROO,20200304,53.65,55,53.4,53.4,33218,0
SHEMAROO,20200305,51.25,53.6,50.75,50.75,32847,0
SHEMAROO,20200306,48.25,48.25,48.25,48.25,3091,0
SHEMAROO,20200309,45.85,48.25,45.85,45.85,6254,0
SHEMAROO,20200311,45.85,46,43.6,44.2,22587,0
SHEMAROO,20200312,44,44,42,42.35,19153,0
SHEMAROO,20200313,40.5,44.45,40.25,43.3,19110,0
SHEMAROO,20200316,45.15,45.45,41.15,45.45,13744,0
SHEMAROO,20200317,47.7,47.7,45,47.7,6575,0
SHEMAROO,20200318,50,50.05,50,50.05,46548,0
SHEMAROO,20200319,52.5,52.55,47.55,52.45,54106,0
SHEMAROO,20200320,53,55.05,52,55,17320,0
SHEMAROO,20200323,55,57.7,52.25,54.7,26549,0
SHEMAROO,20200324,54.7,55.95,52,52.4,7840,0
SHEMAROO,20200325,54.7,54.7,49.8,50.95,13774,0
SHEMAROO,20200326,49,53.45,48.45,49.95,28787,0
SHEMAROO,20200327,49.95,52,47.5,50.05,12133,0
SHEMAROO,20200330,52.55,52.55,47.55,49.3,13587,0
SHEMAROO,20200331,49.3,50.4,47,49.85,20437,0
SHEMAROO,20200401,48.05,51.3,47.75,48.75,15936,0
SHEMAROO,20200403,50,51.15,48.8,51.1,11784,0
SHEMAROO,20200407,53.5,53.65,50.5,53.65,10984,0
SHEMAROO,20200408,53.65,56.3,52.05,56.2,9893,0
SHEMAROO,20200409,59,59,57.2,59,10685,0
SHEMAROO,20200413,61.95,61.95,61.95,61.95,3914,0
SHEMAROO,20200415,65,65,65,65,2333,0
SHEMAROO,20200416,68.25,68.25,68.25,68.25,3758,0
SHEMAROO,20200417,71.65,71.65,71.65,71.65,1601,0
SHEMAROO,20200420,75.2,75.2,75.2,75.2,2885,0
SHEMAROO,20200421,78.95,78.95,75.5,78.95,51260,0
SHEMAROO,20200422,82.85,82.85,80,82.85,37155,0
SHEMAROO,20200423,86.95,86.95,83.5,86.95,44573,0
SHEMAROO,20200424,91.25,91.25,87,90.65,50566,0
SHEMAROO,20200427,89,95.15,89,95.15,57254,0
SHEMAROO,20200428,98.75,99.9,93.45,99.9,54110,0
SHEMAROO,20200429,104.85,104.85,103,104.85,60201,0
SHEMAROO,20200430,110.05,110.05,107,110,86066,0
SHEMAROO,20200504,111.9,111.9,104.5,104.5,15346,0
SHEMAROO,20200505,99.3,99.3,99.3,99.3,5575,0
SHEMAROO,20200506,94.35,94.35,94.35,94.35,1125,0
SHEMAROO,20200507,89.65,89.65,89.65,89.65,3388,0
SHEMAROO,20200508,85.25,85.25,85.2,85.2,2443,0
SHEMAROO,20200511,80.95,84.6,80.95,80.95,47824,0
SHEMAROO,20200512,76.95,76.95,76.95,76.95,8814,0
SHEMAROO,20200513,73.15,74.95,73.15,73.15,36451,0
SHEMAROO,20200514,70.15,76.8,69.5,74.7,61862,0
SHEMAROO,20200515,78.4,78.4,75.05,78.3,77193,0
SHEMAROO,20200518,78.45,80.5,74.4,74.4,17702,0
SHEMAROO,20200519,71.45,73.95,70.7,70.7,17185,0
SHEMAROO,20200520,70.7,71.95,68.15,70.4,7613,0
SHEMAROO,20200521,73.7,73.7,69,69.9,7562,0
SHEMAROO,20200522,72.45,73.35,68.15,72.9,56741,0
SHEMAROO,20200526,72.9,76.45,69.3,70.8,10202,0
SHEMAROO,20200527,72.85,72.85,69.3,71.4,8218,0
SHEMAROO,20200528,69.4,73,68.95,69.15,30408,0
SHEMAROO,20200529,71.9,71.9,65.7,69.9,47065,0
SHEMAROO,20200601,72.4,72.9,68.1,69.55,80632,0
SHEMAROO,20200602,71.45,71.45,68.7,68.9,51681,0
SHEMAROO,20200603,70.85,70.9,67.5,69.85,117941,0
SHEMAROO,20200604,70.5,71.45,69.5,70.05,64599,0
SHEMAROO,20200605,72.5,72.9,69.5,70,128500,0
SHEMAROO,20200608,72,73.5,69.55,73.5,276078,0
SHEMAROO,20200609,77.15,77.15,69.85,70.9,100458,0
SHEMAROO,20200610,71.55,72.05,67.4,67.5,113525,0
SHEMAROO,20200611,70,70.8,64.5,67.35,137726,0
SHEMAROO,20200612,64,70,64,68.05,52867,0
SHEMAROO,20200615,69.9,70.9,65.25,68.35,30271,0
SHEMAROO,20200616,69.85,70.5,65.75,67.4,70256,0
SHEMAROO,20200617,67.6,69.25,65,66.95,67210,0
SHEMAROO,20200618,65.5,70.25,63.95,65.95,279296,0
SHEMAROO,20200619,67,68.85,66.5,67.05,99906,0
SHEMAROO,20200622,67.15,69.9,67.15,68.65,95394,0
SHEMAROO,20200623,69.75,70.65,67.85,68,135487,0
SHEMAROO,20200624,69.45,69.95,65.7,66.25,151857,0
SHEMAROO,20200625,65.6,67.95,65.1,65.55,72658,0
SHEMAROO,20200626,65.65,67.5,64,64.5,243114,0
SHEMAROO,20200629,65.6,67.7,64.1,64.85,154582,0
SHEMAROO,20200630,65.95,65.95,63,63.15,61854,0
SHEMAROO,20200701,62.05,64.6,62.05,62.85,41070,0
SHEMAROO,20200702,62.35,64.1,62.2,62.5,75215,0
SHEMAROO,20200703,62.95,64.85,60,62.25,124117,0
SHEMAROO,20200706,62.85,62.85,59.65,60.6,289644,0
SHEMAROO,20200707,61.1,61.1,58.35,59.1,96100,0
SHEMAROO,20200708,59.85,62.05,59.5,61.95,216146,0
SHEMAROO,20200709,62.95,65,62.9,65,160092,0
SHEMAROO,20200710,66.65,68.25,62.05,64.1,273141,0
SHEMAROO,20200714,62,62.7,60.85,61.4,38182,0
SHEMAROO,20200715,61.05,64,59.5,60.15,51505,0
SHEMAROO,20200716,61.45,62.9,58.6,61.85,52246,0
SHEMAROO,20200717,62.9,63.8,61,63.2,56473,0
SHEMAROO,20200720,64.85,64.85,62.5,62.75,24337,0
SHEMAROO,20200721,63.7,63.7,60.05,62.65,62109,0
SHEMAROO,20200722,61.25,65,61.25,63,97725,0
SHEMAROO,20200723,64.45,64.45,62.1,62.85,35436,0
SHEMAROO,20200724,62.05,62.9,60.55,62,66369,0
SHEMAROO,20200727,62.95,65.1,62.15,65.1,393235,0
SHEMAROO,20200728,66.25,66.75,65.1,66.15,107641,0
SHEMAROO,20200729,66.2,66.45,62.85,63,153872,0
SHEMAROO,20200730,59.85,59.85,59.85,59.85,52060,0
SHEMAROO,20200731,56.9,56.9,56.9,56.9,25375,0
SHEMAROO,20200803,54.1,54.1,54.1,54.1,50426,0
SHEMAROO,20200804,51.4,56.8,51.4,52.8,276517,0
SHEMAROO,20200805,55,55.25,52.8,53.55,285892,0
SHEMAROO,20200806,55,55.5,52.8,53.2,194129,0
SHEMAROO,20200807,53.35,54,51.45,52,121390,0
SHEMAROO,20200810,52.25,53.55,52.25,52.95,67391,0
SHEMAROO,20200811,53,54.5,53,53.9,140123,0
SHEMAROO,20200812,54.75,56.55,53.55,56.55,248648,0
SHEMAROO,20200813,58.95,59.35,58,59.35,88506,0
SHEMAROO,20200814,61.8,61.9,56.4,56.75,157514,0
SHEMAROO,20200817,57.05,58.2,56.8,57.4,49824,0
SHEMAROO,20200818,57.4,60.25,56.5,60.15,110663,0
SHEMAROO,20200819,58.65,62.6,58.65,61.4,120844,0
SHEMAROO,20200820,61.4,63,60.5,62.75,113695,0
SHEMAROO,20200821,63,64.4,62.9,63.8,86780,0
SHEMAROO,20200824,65,66.95,65,66.95,131610,0
SHEMAROO,20200825,70.25,70.25,63.8,68.3,343260,0
SHEMAROO,20200826,69.8,69.8,67.55,69.1,103630,0
SHEMAROO,20200827,70,70.8,68,68.45,121732,0
SHEMAROO,20200828,68.45,68.45,66.25,67,105824,0
SHEMAROO,20200831,66.5,67.5,63.65,63.65,126051,0
SHEMAROO,20200901,61,66.8,61,61.95,56052,0
SHEMAROO,20200902,63.45,65,62,65,56816,0
SHEMAROO,20200903,67.3,68.25,62.25,68.25,201492,0
SHEMAROO,20200904,67.95,69.7,65.85,66.3,86271,0
SHEMAROO,20200907,66.3,67,63.5,63.95,71945,0
SHEMAROO,20200908,66.5,66.5,61.15,62.65,46050,0
SHEMAROO,20200909,62.75,63.6,59.55,60.25,60034,0
SHEMAROO,20200910,60.25,63,60,62,58467,0
SHEMAROO,20200911,63.5,63.5,61.5,62.05,21708,0
SHEMAROO,20200914,63.8,65.15,62.25,64.95,83382,0
SHEMAROO,20200915,67,67.25,62.1,63.05,115695,0
SHEMAROO,20200916,62.5,64,61.45,62.1,54903,0
SHEMAROO,20200917,63.45,63.45,60,60.65,60798,0
SHEMAROO,20200918,61,63,58.25,60.15,103380,0
SHEMAROO,20200921,61.25,61.95,57.15,57.15,85811,0
SHEMAROO,20200922,56.2,57.2,54.3,55.05,80428,0
SHEMAROO,20200923,56.35,57.6,55.35,57.15,29851,0
SHEMAROO,20200924,56.8,56.8,54.55,55.4,26334,0
SHEMAROO,20200925,57.5,57.5,55.75,56.4,30050,0
SHEMAROO,20200928,57,58.8,57,58.15,24039,0
SHEMAROO,20200929,58.9,58.9,56.25,57,21931,0
SHEMAROO,20200930,57.45,58,57.15,57.4,11739,0
SHEMAROO,20201001,59.05,60.25,59.05,60.25,25429,0
SHEMAROO,20201005,62.65,62.8,58.95,59.5,42332,0
SHEMAROO,20201006,60.7,60.9,59.05,59.9,25429,0
SHEMAROO,20201007,61,62.85,59.2,60.7,68955,0
SHEMAROO,20201008,61.9,61.9,58.65,59.65,31796,0
SHEMAROO,20201009,60.65,60.65,58.9,59.2,16216,0
SHEMAROO,20201012,60,60.35,57.65,57.95,16597,0
SHEMAROO,20201013,59,59,56.6,56.95,23421,0
SHEMAROO,20201014,59.8,59.8,56,57.3,18196,0
SHEMAROO,20201015,57.5,58,56.3,56.55,15335,0
SHEMAROO,20201016,55.75,57.9,55.75,56.85,10418,0
SHEMAROO,20201019,56.75,57.85,56.05,56.7,18858,0
SHEMAROO,20201020,56.7,57.8,56.05,56.2,12555,0
SHEMAROO,20201021,57.6,57.6,55.6,56.1,16593,0
SHEMAROO,20201022,57.45,57.45,55.45,56.6,11107,0
SHEMAROO,20201023,58,58,56.05,56.85,14871,0
SHEMAROO,20201026,58.45,58.65,56,56.8,16714,0
SHEMAROO,20201027,56,57,55.05,56.05,28654,0
SHEMAROO,20201028,56.6,56.6,53.6,55.85,23840,0
SHEMAROO,20201029,55.85,55.85,53.75,54.75,18422,0
SHEMAROO,20201030,54.3,56.75,54.25,54.9,12663,0
SHEMAROO,20201102,55.6,55.6,53.5,53.8,15677,0
SHEMAROO,20201103,53.6,54.65,52,53.4,19476,0
SHEMAROO,20201104,54.2,54.4,53,53.5,27145,0
SHEMAROO,20201105,54.4,55,53.6,54.55,31246,0
SHEMAROO,20201106,54.6,55.75,53.8,54.2,47476,0
SHEMAROO,20201109,55.9,55.9,53.6,54.7,22050,0
SHEMAROO,20201110,52.3,53.8,52.05,53.2,101235,0
SHEMAROO,20201111,52.8,54,52.8,53.55,43066,0
SHEMAROO,20201112,54.1,54.1,51.4,52.7,84952,0
SHEMAROO,20201113,53.5,53.5,52,53.05,29980,0
SHEMAROO,20201114,53.85,54.65,53.25,53.8,25020,0
SHEMAROO,20201117,53.5,54.8,53,54.65,28687,0
SHEMAROO,20201118,54,56.9,54,55.7,63613,0
SHEMAROO,20201119,55.8,57.2,54.25,54.9,78936,0
SHEMAROO,20201120,56.8,56.8,54.1,54.85,24773,0
SHEMAROO,20201123,55.8,55.8,53.8,54.7,39500,0
SHEMAROO,20201124,55.7,55.7,54.75,55.25,19936,0
SHEMAROO,20201125,55.45,56.95,55.4,56.2,34380,0
SHEMAROO,20201126,56.2,57,55.75,56.8,20161,0
SHEMAROO,20201127,56.8,57.9,56.5,57.2,32695,0
SHEMAROO,20201201,58.15,62.9,57.2,62.9,193201,0
SHEMAROO,20201202,65.9,67.5,64.25,65.3,241014,0
SHEMAROO,20201203,65.95,66.3,62.7,65.9,85812,0
SHEMAROO,20201204,66,71,65.1,69.05,366530,0
SHEMAROO,20201207,72,82.85,71.1,82.85,644612,0
SHEMAROO,20201208,85.75,87.5,75,77.9,585347,0
SHEMAROO,20201209,78.55,79.75,74.5,75.3,100875,0
SHEMAROO,20201210,75,75,68.5,72.4,109587,0
SHEMAROO,20201211,78,86.85,76.05,79.15,621063,0
SHEMAROO,20201214,79,79.2,76.5,77.65,94441,0
SHEMAROO,20201215,77.5,85.45,74.6,82.75,245319,0
SHEMAROO,20201216,84.25,84.75,80.5,83.4,183234,0
SHEMAROO,20201217,81.45,86,79.25,79.25,48218,0
SHEMAROO,20201218,77.75,79.25,75.3,77.5,49606,0
SHEMAROO,20201221,78.95,78.95,73.65,73.65,33977,0
SHEMAROO,20201222,70.25,73,70,70,14877,0
SHEMAROO,20201223,70.1,73.5,67,73.45,37883,0
SHEMAROO,20201224,75.7,77,70,75.4,56921,0
SHEMAROO,20201228,75.4,75.6,72.2,74.45,34841,0
SHEMAROO,20201229,74.95,77.5,72.6,74.55,40053,0
SHEMAROO,20201230,75.7,76,72.2,74.9,22313,0
SHEMAROO,20201231,76.5,76.5,72.1,74.45,14378,0
SHEMAROO,20210101,76.4,78,73.35,74.4,22066,0
SHEMAROO,20210104,77,78.1,74.4,78.1,87758,0
SHEMAROO,20210105,78.15,80.2,75.7,79,59161,0
SHEMAROO,20210106,79,80,76.1,77.55,46201,0
SHEMAROO,20210107,77.55,77.55,75,76.4,24244,0
SHEMAROO,20210108,77.95,77.95,75.5,75.85,22708,0
SHEMAROO,20210111,77.4,77.4,73,74.45,40755,0
SHEMAROO,20210112,73,76.75,73,74.45,16121,0
SHEMAROO,20210113,77,77.15,72.5,73.95,39056,0
SHEMAROO,20210114,75.8,75.8,72.1,73.7,15502,0
SHEMAROO,20210115,74.7,74.7,72.5,73.3,17200,0
SHEMAROO,20210118,74.8,74.8,70.3,72.6,26076,0
SHEMAROO,20210119,72.6,74.85,72.5,74.4,22590,0
SHEMAROO,20210120,74,74,72.35,73.15,16408,0
SHEMAROO,20210121,73.15,75,72,73.2,32028,0
SHEMAROO,20210122,73,73,70.05,70.9,23695,0
SHEMAROO,20210125,70,73.85,69,69.2,17906,0
SHEMAROO,20210127,69.2,71,65.75,67.05,25596,0
SHEMAROO,20210128,67.05,70.4,64.5,70.4,16239,0
SHEMAROO,20210129,69.05,73.4,69,69.75,9226,0
SHEMAROO,20210201,72,72.85,67.7,70.95,16640,0
SHEMAROO,20210202,68.8,73,68.8,71.85,21348,0
SHEMAROO,20210203,72.95,73.5,70,70.9,45052,0
SHEMAROO,20210204,68.5,73,68.5,70.3,18395,0
SHEMAROO,20210205,70.2,72.4,69.25,69.65,27368,0
SHEMAROO,20210208,70,74.1,69.75,71.5,57991,0
SHEMAROO,20210209,70.25,73.45,70.25,71.3,48052,0
SHEMAROO,20210210,70.55,73,70.2,72.15,52656,0
SHEMAROO,20210211,70.7,74.8,69.55,70.8,61991,0
SHEMAROO,20210212,71.95,71.95,70,70.1,22642,0
SHEMAROO,20210215,70.3,72.4,69.9,70.3,49487,0
SHEMAROO,20210216,71.7,71.7,69.7,70.05,30096,0
SHEMAROO,20210217,72,72,68,68.8,40347,0
SHEMAROO,20210218,68.85,70.35,68.3,69.15,16225,0
SHEMAROO,20210219,69,72.1,63.15,68.55,124449,0
SHEMAROO,20210222,68.25,72,68.25,70.35,54217,0
SHEMAROO,20210223,71.8,71.8,68.85,69.15,20096,0
SHEMAROO,20210224,70.05,70.1,67.45,69.8,26577,0
SHEMAROO,20210225,70.95,70.95,68.5,70.15,49293,0
SHEMAROO,20210226,71.4,71.4,65.55,68.2,28726,0
SHEMAROO,20210301,71.2,71.2,67.5,67.95,28655,0
SHEMAROO,20210302,67.5,70,67.5,68.7,53473,0
SHEMAROO,20210303,68.85,71.5,68.55,70.6,107548,0
SHEMAROO,20210304,69.9,71.1,69.05,70.45,25048,0
SHEMAROO,20210305,71.7,72.5,69.85,70.15,54190,0
SHEMAROO,20210308,71.45,77.15,70.45,77.15,165772,0
SHEMAROO,20210309,80.85,81,72.15,73.35,222187,0
SHEMAROO,20210310,75.4,75.4,71.15,72.05,93039,0
SHEMAROO,20210312,73,74,72.5,73.3,30115,0
SHEMAROO,20210315,75,75,73.5,73.75,59674,0
SHEMAROO,20210316,74.95,81.1,73,78.9,420626,0
SHEMAROO,20210317,77.5,79.85,72.1,72.6,206704,0
SHEMAROO,20210318,74.85,76.5,69.45,69.9,82380,0
SHEMAROO,20210319,73.8,73.8,68,70.5,70904,0
SHEMAROO,20210322,72,75,70.35,72.6,125968,0
SHEMAROO,20210323,73.05,74.75,72.15,73.85,43777,0
SHEMAROO,20210324,75,75,71.5,71.8,24563,0
SHEMAROO,20210325,70.6,72.4,64.7,66.2,132344,0
SHEMAROO,20210326,68,69.35,65.5,66.05,70790,0
SHEMAROO,20210330,64.35,67.75,64.35,64.85,26763,0
SHEMAROO,20210331,64.9,66.8,64.5,65.05,23248,0
SHEMAROO,20210401,66.05,68.75,65.6,68.35,36683,0
SHEMAROO,20210405,66.6,67.95,64.8,65.95,31491,0
SHEMAROO,20210406,66.6,72.5,64.35,72.5,62002,0
SHEMAROO,20210407,74.7,76.25,71,72.7,101641,0
SHEMAROO,20210408,73.9,77.8,71,72.65,92820,0
SHEMAROO,20210409,73.85,75,71.4,71.9,54231,0
SHEMAROO,20210412,71,73.1,66.65,70.05,79444,0
SHEMAROO,20210413,71.45,75.15,69.1,73.55,95763,0
SHEMAROO,20210415,71.3,77.1,69.5,74.9,130121,0
SHEMAROO,20210416,77,89.85,75.15,88.2,1735348,0
SHEMAROO,20210419,87.8,89.7,82.1,83.45,472715,0
SHEMAROO,20210420,86,88.25,84,84.9,177200,0
SHEMAROO,20210422,85,96.7,83,94.45,666764,0
SHEMAROO,20210423,94.75,99,89.75,90.5,364843,0
SHEMAROO,20210426,91,93.4,85.1,86.25,130348,0
SHEMAROO,20210427,86.75,94,81.1,92.55,195652,0
SHEMAROO,20210428,93,107.45,93,100.15,1347501,0
SHEMAROO,20210429,101.75,103.85,95.4,97.7,175824,0
SHEMAROO,20210430,99.2,104.5,96,99.45,213738,0
SHEMAROO,20210503,98.9,104,96.9,100.65,83140,0
SHEMAROO,20210504,101.25,103.35,95.5,97.35,63578,0
SHEMAROO,20210505,98.7,100.4,96,97.4,65735,0
SHEMAROO,20210506,99.75,99.75,93.8,95.25,71556,0
SHEMAROO,20210507,95.15,97,92.1,92.6,67585,0
SHEMAROO,20210510,93.9,95.5,89.35,90.1,119054,0
SHEMAROO,20210511,89,90,85.25,87.65,109852,0
SHEMAROO,20210512,88.1,94.95,86.55,89.8,267080,0
SHEMAROO,20210514,91.85,93.8,86.65,87.9,139277,0
SHEMAROO,20210517,89.6,101.25,86.55,97.75,958549,0
SHEMAROO,20210518,98.8,104.3,96.1,102.35,482192,0
SHEMAROO,20210519,103,104.8,96.6,98.9,264310,0
SHEMAROO,20210520,100.4,101.85,98,98.1,120568,0
SHEMAROO,20210521,99.9,101.7,94.65,96.5,143435,0
SHEMAROO,20210524,106,115.8,100.6,115.8,1010001,0
SHEMAROO,20210525,121.9,138.95,121,138.95,1424658,0
SHEMAROO,20210526,151.6,166.7,150,166.7,1942036,0
SHEMAROO,20210527,169.8,180.95,150.05,152.45,1712914,0
SHEMAROO,20210528,146.1,164.15,143.5,152.25,839351,0
SHEMAROO,20210531,150,150.7,137.05,137.05,379772,0
SHEMAROO,20210601,133.05,140,126.1,128.5,853530,0
SHEMAROO,20210602,129.9,134.9,129,132.8,535755,0
SHEMAROO,20210603,126.2,132,126.2,129.45,108256,0
SHEMAROO,20210604,129,134.85,124,127.25,58783,0
SHEMAROO,20210607,131,133.6,123.45,133.6,167748,0
SHEMAROO,20210608,135.8,135.8,127.1,129.35,98867,0
SHEMAROO,20210609,131.95,131.95,123.05,126.3,100954,0
SHEMAROO,20210610,123.25,128.85,123.25,126.05,49123,0
SHEMAROO,20210611,127.6,127.6,123,123.5,47801,0
SHEMAROO,20210614,125.05,129.65,118.55,129.6,155353,0
SHEMAROO,20210615,134,134,129.2,131.75,81599,0
SHEMAROO,20210616,133,133,125.6,127.85,50838,0
SHEMAROO,20210617,125.5,131,125.45,127.6,38022,0
SHEMAROO,20210618,127.6,129.65,121.25,123.55,54335,0
SHEMAROO,20210621,124.4,124.8,117.4,123.65,46430,0
SHEMAROO,20210622,121.3,126,121.3,124.8,37899,0
SHEMAROO,20210623,124.75,125.85,121,122.55,29030,0
SHEMAROO,20210624,124,125.45,121,122.9,23205,0
SHEMAROO,20210625,122.9,124.7,119,119.5,48695,0
SHEMAROO,20210628,119.5,120.5,116.65,118.3,27519,0
SHEMAROO,20210629,118.3,124.2,116.65,124.15,82468,0
SHEMAROO,20210630,125.2,130.35,122,128.8,115808,0
SHEMAROO,20210701,130,130,125.25,127.05,37627,0
SHEMAROO,20210702,127.85,129,124.5,125.25,25496,0
SHEMAROO,20210705,125,126.8,122,123.9,54570,0
SHEMAROO,20210706,123,130,123,127.35,68279,0
SHEMAROO,20210707,127.35,129.4,125,125.55,14541,0
SHEMAROO,20210708,127.8,127.85,123.1,124.45,20167,0
SHEMAROO,20210709,123,124.9,121.6,124.2,21793,0
SHEMAROO,20210712,128,130.4,127,130.4,123889,0
SHEMAROO,20210713,136.9,136.9,134.9,136.9,284179,0
SHEMAROO,20210714,143.7,143.7,143.7,143.7,66361,0
SHEMAROO,20210715,150.85,150.85,150.85,150.85,65220,0
SHEMAROO,20210716,144.15,149.9,143.35,143.35,115473,0
SHEMAROO,20210719,136.2,142.4,136.2,136.65,224148,0
SHEMAROO,20210720,134,139,130.5,134.15,176706,0
SHEMAROO,20210722,138.85,140.85,136.85,140.85,166002,0
SHEMAROO,20210723,142,143,137.15,138.15,172114,0
SHEMAROO,20210726,139.65,145.05,139,145.05,314024,0
SHEMAROO,20210727,148.1,151.4,138.35,142.85,286594,0
SHEMAROO,20210728,135.75,135.75,135.75,135.75,37492,0
SHEMAROO,20210729,130.5,133.85,129,130.25,251820,0
SHEMAROO,20210730,131,133.15,125.25,127.25,110154,0
SHEMAROO,20210802,127,132,125.25,127.55,112619,0
SHEMAROO,20210803,128.95,133.9,128.9,133.9,146083,0
SHEMAROO,20210804,138.6,140,129,131.9,146929,0
SHEMAROO,20210805,133.9,133.9,126.05,127.55,78097,0
SHEMAROO,20210806,132.9,132.9,123.65,130.05,160886,0
SHEMAROO,20210809,129,132.8,125.1,126,89073,0
SHEMAROO,20210810,127.2,128.7,113.6,117.6,157348,0
SHEMAROO,20210811,119,119.75,110,117.1,102438,0
SHEMAROO,20210812,119.7,121.6,117.05,118.85,56335,0
SHEMAROO,20210813,121.2,124,119,120.6,112488,0
SHEMAROO,20210816,121,121,114.95,117.1,63319,0
SHEMAROO,20210817,118.95,120.15,115.15,116.25,46332,0
SHEMAROO,20210818,116.25,117.95,111,111.85,69260,0
SHEMAROO,20210820,106.2,115.45,106.1,108.65,57028,0
SHEMAROO,20210823,112,112,100.2,101.8,78961,0
SHEMAROO,20210824,104.8,111,101.2,109.45,62425,0
SHEMAROO,20210825,110,115,109.2,113.85,35370,0
SHEMAROO,20210826,115.85,116.5,113.1,114,24304,0
SHEMAROO,20210827,115,117.25,111.05,115.7,39229,0
SHEMAROO,20210830,116.05,116.8,105.15,111.75,52841,0
SHEMAROO,20210831,108.2,116.5,108.2,112.2,54162,0
SHEMAROO,20210901,110.25,114.5,110,111,39439,0
SHEMAROO,20210902,110.95,117,110.95,115.05,57539,0
SHEMAROO,20210903,118.45,118.45,113.2,114.05,25443,0
SHEMAROO,20210906,118,118,112.5,113.5,36546,0
SHEMAROO,20210907,115.9,115.9,111.65,113.45,62923,0
SHEMAROO,20210908,112.3,124.75,112.3,124.75,446180,0
SHEMAROO,20210909,127.7,137.2,126,137.2,434809,0
SHEMAROO,20210913,140.4,143.7,128.2,138.1,505619,0
SHEMAROO,20210914,138.9,151.9,138.8,151.6,808059,0
SHEMAROO,20210915,153,156,146,146.75,360095,0
SHEMAROO,20210916,148.45,154.05,140.3,154.05,338113,0
SHEMAROO,20210917,152,161.75,150,152.6,486287,0
SHEMAROO,20210920,150,159.6,145,153.6,253790,0
SHEMAROO,20210921,151.05,161.25,151.05,161.25,252147,0
SHEMAROO,20210922,167.4,169.3,166.55,169.3,86600,0
SHEMAROO,20210923,177,177.75,162,170.35,221338,0
SHEMAROO,20210924,171,173.6,161.85,161.85,93106,0
SHEMAROO,20210927,157.25,169.8,157,161.4,91752,0
SHEMAROO,20210928,160.1,164.85,160,161.75,69025,0
SHEMAROO,20210929,161.5,164,157.5,161.35,35748,0
SHEMAROO,20210930,158.2,164.75,158.2,161,51841,0
SHEMAROO,20211001,161.7,163,159.5,161.15,24265,0
SHEMAROO,20211004,162.5,163.5,155.35,157.05,50472,0
SHEMAROO,20211005,157.95,157.95,149.2,149.2,89510,0
SHEMAROO,20211006,149.5,152.9,143.55,149.25,90944,0
SHEMAROO,20211007,150,156.7,145.2,156.7,58840,0
SHEMAROO,20211008,154,161.5,154,157,41999,0
SHEMAROO,20211011,159.5,159.5,151,154.1,61516,0
SHEMAROO,20211012,154.1,154.9,148.2,153.65,50892,0
SHEMAROO,20211013,150.6,154.4,150.6,151.25,52311,0
SHEMAROO,20211014,153.55,153.55,147.2,148.6,44811,0
SHEMAROO,20211018,150,150,141.2,142.65,62661,0
SHEMAROO,20211019,142.65,149.5,137.2,144.35,42167,0
SHEMAROO,20211020,143.95,143.95,137.5,139.85,125994,0
SHEMAROO,20211021,140,142.95,136.6,140.3,37676,0
SHEMAROO,20211022,140.3,144,138.1,140.25,24756,0
SHEMAROO,20211025,140.25,141.35,138.9,139.05,37291,0
SHEMAROO,20211026,139.05,141.45,137.05,138.1,13296,0
SHEMAROO,20211027,145,145,145,145,35943,0
SHEMAROO,20211028,152.25,152.25,140.2,143.5,81108,0
SHEMAROO,20211029,144.7,144.8,136.35,138.85,46505,0
SHEMAROO,20211101,138.9,145.4,138.9,140.4,21151,0
SHEMAROO,20211102,138.1,142,137.95,139.85,10571,0
SHEMAROO,20211103,138.5,140.5,135.2,139,11098,0
SHEMAROO,20211104,141.15,142,139.1,139.6,8313,0
SHEMAROO,20211108,139.1,141,135.2,137.5,16541,0
SHEMAROO,20211109,137.9,144.35,135.2,143.4,32370,0
SHEMAROO,20211110,143.9,150,140.05,147.1,42164,0
SHEMAROO,20211111,149,149.9,143.2,144.05,19955,0
SHEMAROO,20211112,145.6,147.7,140,142.55,17646,0
SHEMAROO,20211115,142.75,144.6,137.5,141.15,14551,0
SHEMAROO,20211116,141.15,142.75,137.65,141.2,22595,0
SHEMAROO,20211117,138.15,146.7,138.15,141.45,38257,0
SHEMAROO,20211118,144.9,144.9,138.15,140.65,19643,0
SHEMAROO,20211122,140.65,140.65,133.75,134.55,23673,0
SHEMAROO,20211123,133.75,139,130.1,137.3,18812,0
SHEMAROO,20211124,137.15,144.15,134,139.2,21414,0
SHEMAROO,20211125,139.2,139.25,135.2,136.95,19209,0
SHEMAROO,20211126,136,136.85,130.15,132.95,47604,0
SHEMAROO,20211129,132.95,133,126.35,127.05,23790,0
SHEMAROO,20211130,127.05,131,125.1,126.5,18564,0
SHEMAROO,20211201,129.05,129.5,120.7,123.2,33903,0
SHEMAROO,20211202,124.05,125.55,122.5,124.45,13745,0
SHEMAROO,20211203,125,129,124.95,128.2,17078,0
SHEMAROO,20211206,129,129,121.8,122,21365,0
SHEMAROO,20211207,124.4,126.9,121.55,124.3,11269,0
SHEMAROO,20211208,125.9,130.5,123.05,130.1,26948,0
SHEMAROO,20211209,133.8,133.8,126.3,131.05,21333,0
SHEMAROO,20211210,130.45,136.5,128.6,133.3,18922,0
SHEMAROO,20211213,133.8,139.55,130.6,132.3,18680,0
SHEMAROO,20211214,130,133.1,127.3,132.65,23492,0
SHEMAROO,20211215,134.6,134.6,128.55,129.3,10841,0
SHEMAROO,20211216,130.85,131.5,127.5,128.9,14586,0
SHEMAROO,20211217,130.85,130.85,123.2,124.25,13508,0
SHEMAROO,20211220,125.6,125.6,118.05,118.1,19278,0
SHEMAROO,20211221,123.25,123.8,112.2,116.05,24716,0
SHEMAROO,20211222,118.45,120.45,115,119.5,21092,0
SHEMAROO,20211223,121.9,125,116.55,122.2,19163,0
SHEMAROO,20211224,122.5,125,116.1,121.95,53842,0
SHEMAROO,20211227,121.9,121.9,116.2,120.5,17596,0
SHEMAROO,20211228,121.5,124.3,119.25,120.1,28810,0
SHEMAROO,20211229,117.45,123.3,117.45,121.55,13924,0
SHEMAROO,20211230,119.05,122,117.5,119.95,8016,0
SHEMAROO,20211231,120.1,125.9,119,125.85,57883,0
SHEMAROO,20220103,123.2,125,121.5,122.5,56146,0
SHEMAROO,20220104,120.2,125,120.2,122.45,27884,0
SHEMAROO,20220105,124.7,124.7,120.75,122.95,29881,0
SHEMAROO,20220106,122.15,124.7,120.1,120.4,33564,0
SHEMAROO,20220107,122,126.4,119.7,126.15,180098,0
SHEMAROO,20220110,129.35,129.35,126.1,126.75,40459,0
SHEMAROO,20220111,128.7,128.7,123.25,124.15,46855,0
SHEMAROO,20220112,126,128.15,122.55,124.65,69177,0
SHEMAROO,20220113,124.95,130.85,124.95,126.65,78825,0
SHEMAROO,20220114,129.75,129.9,125,126.9,23887,0
SHEMAROO,20220117,126.2,133.2,126.2,132.6,113343,0
SHEMAROO,20220118,132.8,134.85,126.7,128.2,69375,0
SHEMAROO,20220119,126.8,128.5,123.85,126.45,38600,0
SHEMAROO,20220120,129.4,129.45,125.75,126.5,32393,0
SHEMAROO,20220121,126.5,128,125.15,126.45,35651,0
SHEMAROO,20220124,128.45,130.5,120.15,120.7,81663,0
SHEMAROO,20220125,120,120,114.7,116.15,92692,0
SHEMAROO,20220127,115,118.95,114.45,117.75,34802,0
SHEMAROO,20220128,119,120.8,117,118.15,38492,0
SHEMAROO,20220131,118,119.8,114.5,115.1,32476,0
SHEMAROO,20220201,117,120.2,115.4,116.45,26630,0
SHEMAROO,20220202,118.6,120,117.1,118,28602,0
SHEMAROO,20220203,118.5,121.6,115,116.7,44912,0
SHEMAROO,20220204,116.6,122.5,116.6,121.5,73457,0
SHEMAROO,20220207,123.35,123.65,118.9,120.55,67178,0
SHEMAROO,20220208,121,123,112.7,115.5,44455,0
SHEMAROO,20220209,118.9,118.9,115.1,116.1,28727,0
SHEMAROO,20220210,115.5,121.4,114,118.35,58409,0
SHEMAROO,20220211,117.9,117.9,115.05,115.4,30006,0
SHEMAROO,20220214,112,113.2,104.6,108.15,80777,0
SHEMAROO,20220215,110,118.95,108.2,118.6,431565,0
SHEMAROO,20220216,117.75,129.4,114.75,121.2,470187,0
SHEMAROO,20220217,121.6,128.35,118.2,124.8,259470,0
SHEMAROO,20220218,124,126,122.2,122.45,52693,0
SHEMAROO,20220221,119,119.95,113.15,114.65,55968,0
SHEMAROO,20220222,113.9,114.45,107,109.6,74635,0
SHEMAROO,20220223,110,114.7,110,112.9,39495,0
SHEMAROO,20220224,108,110.7,101.65,102.6,77848,0
SHEMAROO,20220225,107.7,108.9,104.05,106.5,30791,0
SHEMAROO,20220228,105,108.7,101.55,104.65,81491,0
SHEMAROO,20220302,104,109.15,104,107.15,67540,0
SHEMAROO,20220303,109.9,111,108,108.55,25561,0
SHEMAROO,20220304,108,113.8,106.3,111.95,71699,0
SHEMAROO,20220307,107.4,114.25,105.3,112.7,93961,0
SHEMAROO,20220308,113,123.95,111.7,118.9,123601,0
SHEMAROO,20220309,120,129.25,119.95,127,200314,0
SHEMAROO,20220310,129.55,130,122.5,123.25,116757,0
SHEMAROO,20220311,123.25,128.5,120.95,123.45,89171,0
SHEMAROO,20220314,125,134.5,124,128.4,252929,0
SHEMAROO,20220315,128.4,129.55,122.5,122.7,48569,0
SHEMAROO,20220316,125.8,132,123.35,130.5,57680,0
SHEMAROO,20220317,132.4,143.55,128.1,140.75,329396,0
SHEMAROO,20220321,140.55,144,135.4,137.5,132041,0
SHEMAROO,20220322,139.15,139.45,132.1,135.5,51662,0
SHEMAROO,20220323,135,138.15,133.15,133.65,39555,0
SHEMAROO,20220324,135.25,135.3,128.75,130.2,29185,0
SHEMAROO,20220325,130.9,135,129.8,133,34642,0
SHEMAROO,20220328,134.9,146.3,134.9,143.65,297909,0
SHEMAROO,20220329,143.65,151.45,137.15,141,229499,0
SHEMAROO,20220330,141,144.4,135.4,136.1,44758,0
SHEMAROO,20220331,136.1,140.9,132.4,135.4,42560,0
SHEMAROO,20220401,138,143.7,132.8,140.1,73601,0
SHEMAROO,20220404,142.9,142.9,137.15,140.35,32551,0
SHEMAROO,20220405,140.35,148,140,144.3,74163,0
SHEMAROO,20220406,147.9,147.9,142.25,143.8,51518,0
SHEMAROO,20220407,142.6,143.9,135,137.55,51506,0
SHEMAROO,20220408,137,141.35,136,136.7,21111,0
SHEMAROO,20220411,135.95,141,134.85,135.95,48398,0
SHEMAROO,20220412,135.1,141,135.1,137.9,29900,0
SHEMAROO,20220413,137.35,139.45,136.1,137.1,19091,0
SHEMAROO,20220418,137.1,141.45,128,133.35,37750,0
SHEMAROO,20220419,135,137.75,127.2,130.95,33715,0
SHEMAROO,20220420,132.65,133.7,127.3,127.75,36932,0
SHEMAROO,20220421,127.75,132.15,123.35,130.6,92894,0
SHEMAROO,20220422,129.95,134,127.25,131.2,25754,0
SHEMAROO,20220425,129.1,129.9,126,127.55,25400,0
SHEMAROO,20220426,131.8,140.3,128.5,140.3,108783,0
SHEMAROO,20220427,142,148,133.55,135.6,90225,0
SHEMAROO,20220428,136.15,149.15,136.15,143.4,125966,0
SHEMAROO,20220429,145.85,145.85,135.05,135.9,40943,0
SHEMAROO,20220502,133.7,135.95,132.4,133.65,15434,0
SHEMAROO,20220504,135.45,139.95,126.5,131.35,22648,0
SHEMAROO,20220505,128.75,131.8,126.3,126.85,25547,0
SHEMAROO,20220506,125,125.9,121.25,124.3,38961,0
SHEMAROO,20220509,120.3,124.4,117.15,120.2,68131,0
SHEMAROO,20220510,123.1,123.1,114.05,115.55,25870,0
SHEMAROO,20220511,116.4,119.45,105.95,107.65,101686,0
SHEMAROO,20220512,107.65,110,104.7,106.9,32664,0
SHEMAROO,20220513,114,114.9,108.05,109.5,23182,0
SHEMAROO,20220516,113,113.8,109.3,110.65,21358,0
SHEMAROO,20220517,111.1,117.7,109,114.65,29222,0
SHEMAROO,20220518,116.3,116.5,112,113,22797,0
SHEMAROO,20220519,112,117.6,110.05,114.55,26574,0
