SYMBOL,DATE,Open,High,Low,Close,Traded Qty,Delivery Qty
SKUMARSYNF,19950601,65,65,65,65,600,0
SKUMARSYNF,19950602,71,71,71,71,100,0
SKUMARSYNF,19950728,49,49,49,49,100,0
SKUMARSYNF,19950731,48,48.5,48,48.5,500,0
SKUMARSYNF,19950929,52,52,52,52,100,0
SKUMARSYNF,19951010,50,50,50,50,500,0
SKUMARSYNF,19951011,50,50,48,48,500,0
SKUMARSYNF,19951013,48,45.5,45,45,400,0
SKUMARSYNF,19951018,44,44,44,44,200,0
SKUMARSYNF,19951108,43,43,43,43,100,0
SKUMARSYNF,19951115,43,43.5,43,43.5,200,0
SKUMARSYNF,19951116,45,45,44.5,44.5,300,0
SKUMARSYNF,19951117,44,45,44,44,900,0
SKUMARSYNF,19951121,42,42,42,42,400,0
SKUMARSYNF,19951124,45,45,45,45,100,0
SKUMARSYNF,19951128,43.5,43.9,43.5,43.9,500,0
SKUMARSYNF,19951129,43,43,43,43,100,0
SKUMARSYNF,19951205,44,44,44,44,100,0
SKUMARSYNF,19951212,43,43,42,43,2500,0
SKUMARSYNF,19951213,43,43,43,43,400,0
SKUMARSYNF,19951214,43,43.25,43,43.1,400,0
SKUMARSYNF,19951215,43.2,43.2,43.2,43.2,100,0
SKUMARSYNF,19951218,43.5,43.5,42.5,42.5,600,0
SKUMARSYNF,19951220,44.5,44.5,43.75,43.75,1100,0
SKUMARSYNF,19951226,42.5,42.5,42.5,42.5,100,0
SKUMARSYNF,19960101,45,45,45,45,100,0
SKUMARSYNF,19960102,43.25,44.5,43.25,44.1,400,0
SKUMARSYNF,19960103,44,47,44,47,200,0
SKUMARSYNF,19960104,45.5,45.5,45.5,45.5,300,0
SKUMARSYNF,19960105,44.6,44.6,44.6,44.6,200,0
SKUMARSYNF,19960108,45,45,44.1,44.1,500,0
SKUMARSYNF,19960109,43.35,43.5,43.35,43.5,200,0
SKUMARSYNF,19960116,45,45,45,45,200,0
SKUMARSYNF,19960118,41.5,41.5,41.5,41.5,400,0
SKUMARSYNF,19960123,39,45,39,45,200,0
SKUMARSYNF,19960124,42.5,42.5,42.5,42.5,600,0
SKUMARSYNF,19960125,42.5,43,42.5,42.5,1000,0
SKUMARSYNF,19960129,42.5,42.5,42.5,42.5,300,0
SKUMARSYNF,19960130,43,45,43,45,800,0
SKUMARSYNF,19960131,42.5,42.5,42.5,42.5,100,0
SKUMARSYNF,19960205,43,43,43,43,500,0
SKUMARSYNF,19960207,42,42,42,42,100,0
SKUMARSYNF,19960208,44,44.5,44,44.25,200,0
SKUMARSYNF,19960213,44.5,44.5,44.5,44.5,100,0
SKUMARSYNF,19960216,42,42,42,42,100,0
SKUMARSYNF,19960220,41,41,41,41,300,0
SKUMARSYNF,19960222,45,45,45,45,2000,0
SKUMARSYNF,19960223,42,42,42,42,100,0
SKUMARSYNF,19960228,38,38,38,38,100,0
SKUMARSYNF,19960307,41.5,41.5,41.5,41.5,100,0
SKUMARSYNF,19960315,37.5,37.5,37.5,37.5,100,0
SKUMARSYNF,19960318,37.5,38,37.5,38,200,0
SKUMARSYNF,19960319,38.5,38.5,38.5,38.5,100,0
SKUMARSYNF,19960321,38.75,38.75,38.75,38.75,100,0
SKUMARSYNF,19960322,38,38,38,38,200,0
SKUMARSYNF,19960325,35.1,35.1,35.1,35.1,100,0
SKUMARSYNF,19960326,37.1,37.1,37.1,37.1,100,0
SKUMARSYNF,19960327,36.05,36.05,36.05,36.05,100,0
SKUMARSYNF,19960328,37,37,37,37,100,0
SKUMARSYNF,19960329,40,40,10,40,73000,0
SKUMARSYNF,19960401,40.25,40.25,40,40,600,0
SKUMARSYNF,19960402,40,40,40,40,100,0
SKUMARSYNF,19960404,40,36.5,36.5,36.5,100,0
SKUMARSYNF,19960408,40,40,40,40,2300,0
SKUMARSYNF,19960409,40,43,43,43,1000,0
SKUMARSYNF,19960410,43.5,43.5,43,43,800,0
SKUMARSYNF,19960411,43.5,45,43.5,45,800,0
SKUMARSYNF,19960412,43,44,43,44,200,0
SKUMARSYNF,19960415,44,43,43,43,400,0
SKUMARSYNF,19960416,41,41,41,41,600,0
SKUMARSYNF,19960417,42,43,42,43,1900,0
SKUMARSYNF,19960418,42.5,43.25,42.5,43.25,2400,0
SKUMARSYNF,19960419,43,43.5,43,43,500,0
SKUMARSYNF,19960423,41,41,41,41,100,0
SKUMARSYNF,19960424,41,43,41,43,400,0
SKUMARSYNF,19960425,43,43,42,42,200,0
SKUMARSYNF,19960426,40.5,43,40.5,43,400,0
SKUMARSYNF,19960430,43,47,44,47,2100,0
SKUMARSYNF,19960501,50,51.5,49,49.75,3300,0
SKUMARSYNF,19960502,49.75,50,46,49,2900,0
SKUMARSYNF,19960503,48,49,48,49,1800,0
SKUMARSYNF,19960506,47.95,51,47.5,50,8000,0
SKUMARSYNF,19960507,50,51,49,49.5,3200,0
SKUMARSYNF,19960508,50,50.5,49.25,50.5,2700,0
SKUMARSYNF,19960509,49.7,49.7,49.7,49.7,100,0
SKUMARSYNF,19960510,48.55,50.5,48.55,50,1700,0
SKUMARSYNF,19960513,50,50,49.75,49.95,1600,0
SKUMARSYNF,19960514,49.95,51,48.5,51,1700,0
SKUMARSYNF,19960515,51,51,51,51,2000,0
SKUMARSYNF,19960516,51,51,49.5,49.5,2600,0
SKUMARSYNF,19960517,49.5,50,48.25,49,500,0
SKUMARSYNF,19960521,45,48,45,48,1900,0
SKUMARSYNF,19960522,47,48,47,48,400,0
SKUMARSYNF,19960523,46.5,46.5,46.5,46.5,100,0
SKUMARSYNF,19960524,46,51,46,51,4000,0
SKUMARSYNF,19960527,50.55,52,50,51.5,2000,0
SKUMARSYNF,19960528,48.25,48.25,48.25,48.25,100,0
SKUMARSYNF,19960530,53,53,53,53,100,0
SKUMARSYNF,19960531,53.5,53.5,52,53,700,0
SKUMARSYNF,19960604,53,55.5,55.5,55.5,500,0
SKUMARSYNF,19960605,52.75,53,51.5,51.5,1500,0
SKUMARSYNF,19960606,51,53.5,50.5,53.5,700,0
SKUMARSYNF,19960607,52.5,52.5,52,52,400,0
SKUMARSYNF,19960610,51,52,51,51.4,500,0
SKUMARSYNF,19960611,52,52,50,50,600,0
SKUMARSYNF,19960612,48.5,48.5,48.5,48.5,100,0
SKUMARSYNF,19960613,50,52.5,50,52.5,1100,0
SKUMARSYNF,19960614,52,52,52,52,100,0
SKUMARSYNF,19960617,48,48,48,48,100,0
SKUMARSYNF,19960618,49.5,52.7,49.5,52.05,1500,0
SKUMARSYNF,19960619,52,53.95,52,53.95,1900,0
SKUMARSYNF,19960620,49.05,53.95,49.05,52.1,1600,0
SKUMARSYNF,19960621,51.95,54.55,51.95,54.55,3300,0
SKUMARSYNF,19960624,53.05,54.5,53.05,54.5,900,0
SKUMARSYNF,19960625,54.25,55,54,54.5,94600,0
SKUMARSYNF,19960626,53,54.95,51.6,53.85,5300,0
SKUMARSYNF,19960627,55.95,55.95,53.55,54.1,3200,0
SKUMARSYNF,19960628,58,58,52.45,52.45,1100,0
SKUMARSYNF,19960701,55,55.5,50.6,52.95,3500,0
SKUMARSYNF,19960702,52,52.75,51.55,52,2900,0
SKUMARSYNF,19960703,51,53.95,50.4,53.95,1600,0
SKUMARSYNF,19960704,50.2,52.5,50.2,51.5,1400,0
SKUMARSYNF,19960705,52.25,52.5,52,52,1500,0
SKUMARSYNF,19960708,51.85,51.95,50.25,51.9,2300,0
SKUMARSYNF,19960709,53.95,53.95,50.25,50.6,3600,0
SKUMARSYNF,19960710,53.95,53.95,50.25,50.95,2000,0
SKUMARSYNF,19960711,52.95,52.95,49.25,49.95,2200,0
SKUMARSYNF,19960712,54,54,50,50.2,2500,0
SKUMARSYNF,19960715,52.9,52.9,49.5,49.5,300,0
SKUMARSYNF,19960716,52.95,52.95,47,47.1,2500,0
SKUMARSYNF,19960717,48,49,46.15,49,2900,0
SKUMARSYNF,19960718,48.75,48.75,48.25,48.3,600,0
SKUMARSYNF,19960719,47,47,46,46,1400,0
SKUMARSYNF,19960722,48.85,48.9,46,46,900,0
SKUMARSYNF,19960723,48.45,48.45,47.5,47.5,2000,0
SKUMARSYNF,19960724,47.85,47.85,46.45,46.45,2400,0
SKUMARSYNF,19960725,45.15,46.7,45.15,46.5,3300,0
SKUMARSYNF,19960726,45.05,51,45,46.5,2700,0
SKUMARSYNF,19960729,46,46,43.05,45.95,1900,0
SKUMARSYNF,19960730,45.95,49.9,45,49,8900,0
SKUMARSYNF,19960731,47,50.7,47,48,1400,0
SKUMARSYNF,19960801,48,49.95,48,48.05,2400,0
SKUMARSYNF,19960802,48,49.75,48,49.25,1200,0
SKUMARSYNF,19960805,49,49,46.1,48.9,2600,0
SKUMARSYNF,19960806,46,48.5,45.1,48.25,3600,0
SKUMARSYNF,19960807,53,53,47.1,47.95,3000,0
SKUMARSYNF,19960808,48,48.75,47.2,48.2,2400,0
SKUMARSYNF,19960809,53,53,46.05,47.85,2300,0
SKUMARSYNF,19960812,49.5,49.5,45.6,47.25,2200,0
SKUMARSYNF,19960813,43,47.5,42.5,46.25,2100,0
SKUMARSYNF,19960814,45.9,45.9,45,45,2100,0
SKUMARSYNF,19960816,44.95,44.95,44,44.85,2100,0
SKUMARSYNF,19960819,44.45,44.45,41.2,43.25,2100,0
SKUMARSYNF,19960820,44.9,44.9,39.95,39.95,13600,0
SKUMARSYNF,19960821,43.5,43.5,37.25,37.25,600,0
SKUMARSYNF,19960822,41,41,38.15,40.7,2200,0
SKUMARSYNF,19960823,42.75,42.75,37.15,40.1,2100,0
SKUMARSYNF,19960826,38.95,38.95,38.25,38.25,2000,0
SKUMARSYNF,19960827,40,42,37,37.25,700,0
SKUMARSYNF,19960828,39.75,39.75,37.05,39,2100,0
SKUMARSYNF,19960829,42,42,38.25,38.25,2000,0
SKUMARSYNF,19960830,42,42,36.4,38.35,2100,0
SKUMARSYNF,19960902,41.7,41.7,41.7,41.7,500,0
SKUMARSYNF,19960904,38,38,38,38,100,0
SKUMARSYNF,19960913,35,35,35,35,100,0
SKUMARSYNF,19960916,34,34,33,33,200,0
SKUMARSYNF,19960917,36,36,30.2,30.2,200,0
SKUMARSYNF,19960918,31,33.2,31,33,600,0
SKUMARSYNF,19960923,36,36,36,36,100,0
SKUMARSYNF,19960924,33.5,34,33,33,1500,0
SKUMARSYNF,19960925,35,35,35,35,200,0
SKUMARSYNF,19960927,33,33,32,32.75,900,0
SKUMARSYNF,19960930,32,32,31.5,31.5,300,0
SKUMARSYNF,19961001,31.95,32.95,31.6,31.6,500,0
SKUMARSYNF,19961003,32,32,31.6,31.95,600,0
SKUMARSYNF,19961004,31.95,31.95,31.95,31.95,100,0
SKUMARSYNF,19961008,31.9,32,31.9,32,200,0
SKUMARSYNF,19961009,30.2,30.95,30.2,30.95,400,0
SKUMARSYNF,19961011,31,31,31,31,200,0
SKUMARSYNF,19961015,30.8,30.9,30.8,30.85,500,0
SKUMARSYNF,19961016,30,30,29.5,29.5,1200,0
SKUMARSYNF,19961017,28.75,28.75,28.75,28.75,700,0
SKUMARSYNF,19961018,25.9,25.9,25.9,25.9,600,0
SKUMARSYNF,19961022,26.9,27,26,26,700,0
SKUMARSYNF,19961023,27,27,27,27,200,0
SKUMARSYNF,19961024,28.5,28.5,28.25,28.25,500,0
SKUMARSYNF,19961029,28.25,28.25,28.25,28.25,100,0
SKUMARSYNF,19961031,26.25,26.25,26.25,26.25,300,0
SKUMARSYNF,19961101,26.6,26.6,26.5,26.5,300,0
SKUMARSYNF,19961104,26.45,26.5,26.45,26.5,200,0
SKUMARSYNF,19961105,26.2,26.2,26.2,26.2,100,0
SKUMARSYNF,19961108,26.5,26.5,26.5,26.5,200,0
SKUMARSYNF,19961113,25,25,25,25,200,0
SKUMARSYNF,19961115,25,25,25,25,100,0
SKUMARSYNF,19961122,22.5,22.5,22.5,22.5,100,0
SKUMARSYNF,19961220,21.5,22,21.5,22,200,0
SKUMARSYNF,19961223,20,20,20,20,500,0
SKUMARSYNF,19961226,20,20,20,20,100,0
SKUMARSYNF,19961231,19.75,19.75,19.5,19.5,200,0
SKUMARSYNF,19970101,19.7,21,19.55,21,1600,0
SKUMARSYNF,19970102,22.5,23.05,22.5,22.5,1800,0
SKUMARSYNF,19970103,22.95,23,20.5,20.5,7200,0
SKUMARSYNF,19970106,22,22,20,20.05,1000,0
SKUMARSYNF,19970107,20.2,22,20.2,22,1400,0
SKUMARSYNF,19970108,23.45,23.45,22,22.2,1500,0
SKUMARSYNF,19970109,22.25,23,21.5,21.5,1100,0
SKUMARSYNF,19970110,22.25,22.25,22,22.25,4300,0
SKUMARSYNF,19970113,22.75,22.75,22,22.3,900,0
SKUMARSYNF,19970114,23,23.75,22.6,23.75,2600,0
SKUMARSYNF,19970115,23,26.15,23,26.15,700,0
SKUMARSYNF,19970116,27.5,27.75,27,27.75,400,0
SKUMARSYNF,19970117,27.5,27.5,26,26.8,2100,0
SKUMARSYNF,19970120,27,27.25,25,25,2600,0
SKUMARSYNF,19970121,24.5,24.5,23,24.5,1900,0
SKUMARSYNF,19970122,24,25.5,24,24,700,0
SKUMARSYNF,19970124,22.05,22.05,22,22.05,500,0
SKUMARSYNF,19970127,22,23.5,21.5,23.5,1900,0
SKUMARSYNF,19970128,23,24,21.5,21.5,1400,0
SKUMARSYNF,19970129,23.6,23.6,23.6,23.6,200,0
SKUMARSYNF,19970130,25.75,25.75,23.05,23.05,300,0
SKUMARSYNF,19970131,23.05,23.05,23.05,23.05,100,0
SKUMARSYNF,19970203,22.4,22.4,22.4,22.4,200,0
SKUMARSYNF,19970204,22,22.45,22,22.45,700,0
SKUMARSYNF,19970206,21.1,21.1,20.45,20.45,1500,0
SKUMARSYNF,19970207,20.5,21,20.4,20.4,900,0
SKUMARSYNF,19970211,21.3,21.3,21.3,21.3,200,0
SKUMARSYNF,19970214,21,21,21,21,100,0
SKUMARSYNF,19970217,21,21,21,21,200,0
SKUMARSYNF,19970218,20.75,20.75,20,20,300,0
SKUMARSYNF,19970224,20,20,20,20,150200,0
SKUMARSYNF,19970225,20.8,20.8,19.5,19.5,600,0
SKUMARSYNF,19970227,19.75,19.75,19.75,19.75,300,0
SKUMARSYNF,19970301,21.5,21.5,21.5,21.5,300,0
SKUMARSYNF,19970303,22.5,23.25,22.5,23.25,800,0
SKUMARSYNF,19970304,22.75,23.95,22.5,23.95,2100,0
SKUMARSYNF,19970305,22.7,24,22.7,23.95,600,0
SKUMARSYNF,19970306,22,23.25,22,23.25,200,0
SKUMARSYNF,19970310,23,24.9,23,23.4,5500,0
SKUMARSYNF,19970311,25.2,25.75,23.7,25.1,4900,0
SKUMARSYNF,19970312,25.3,27,25.3,25.65,4600,0
SKUMARSYNF,19970313,25.5,25.5,25.5,25.5,100,0
SKUMARSYNF,19970314,27,28,26.1,27.25,4900,0
SKUMARSYNF,19970317,25.3,30,25.3,30,6400,0
SKUMARSYNF,19970318,30,31.35,30,31.35,8300,0
SKUMARSYNF,19970319,33,33,30.6,32.65,7200,0
SKUMARSYNF,19970320,34.45,35,32.25,32.4,5000,0
SKUMARSYNF,19970321,35.5,35.5,31.5,33.5,5400,0
SKUMARSYNF,19970325,33.75,36.75,33.75,35.75,7800,0
SKUMARSYNF,19970326,39.25,39.35,38.35,39.35,6800,0
SKUMARSYNF,19970327,40,43.15,39.1,40.75,4500,0
SKUMARSYNF,19970331,40.75,41.15,36.7,39.9,10300,0
SKUMARSYNF,19970401,38.95,40.25,38.55,39.2,4200,0
SKUMARSYNF,19970402,42.75,43.15,39.05,43,8800,0
SKUMARSYNF,19970403,46.85,47.3,44.6,47,8900,0
SKUMARSYNF,19970404,48.4,48.9,46,48.55,11900,0
SKUMARSYNF,19970407,48.4,48.75,47.55,48.65,7400,0
SKUMARSYNF,19970409,51.35,51.35,46.1,46.95,7800,0
SKUMARSYNF,19970410,46.25,46.25,42.3,42.65,13900,0
SKUMARSYNF,19970411,44.95,44.95,38.6,40,2500,0
SKUMARSYNF,19970412,42.25,43.75,41.9,42.15,7000,0
SKUMARSYNF,19970415,43.95,44.5,41.15,42.75,7500,0
SKUMARSYNF,19970417,44.1,44.1,42.5,42.5,5700,0
SKUMARSYNF,19970421,41.3,42.8,41.3,42.7,7100,0
SKUMARSYNF,19970422,42,42.75,39,41.4,6800,0
SKUMARSYNF,19970423,43.9,43.9,39,40.65,3700,0
SKUMARSYNF,19970424,38,39.75,36.75,36.75,2900,0
SKUMARSYNF,19970425,34.5,35.5,33.8,34.35,7700,0
SKUMARSYNF,19970428,36.5,37.05,36.5,37.05,3100,0
SKUMARSYNF,19970429,37.05,37.05,34.5,34.5,3100,0
SKUMARSYNF,19970430,36,36,34.9,35,2600,0
SKUMARSYNF,19970502,37.45,37.5,34.95,34.95,3000,0
SKUMARSYNF,19970505,36,36,32.25,34.95,5600,0
SKUMARSYNF,19970506,35.9,37.25,35.05,36.15,5800,0
SKUMARSYNF,19970507,35,35.4,34.2,34.3,2800,0
SKUMARSYNF,19970508,35,35,33.3,33.6,1900,0
SKUMARSYNF,19970509,34,35.35,33.55,34.4,5200,0
SKUMARSYNF,19970512,36,36,34.05,34.7,4100,0
SKUMARSYNF,19970513,34.5,34.95,34,34.65,5800,0
SKUMARSYNF,19970514,34.05,34.05,31.55,34,3800,0
SKUMARSYNF,19970515,33.95,33.95,31.65,33,3500,0
SKUMARSYNF,19970516,34.45,34.45,32.55,33,3600,0
SKUMARSYNF,19970519,33,33,30.55,32.05,700,0
SKUMARSYNF,19970520,33.7,33.7,32,33,3400,0
SKUMARSYNF,19970521,30.3,30.3,30.3,30.3,200,0
SKUMARSYNF,19970523,29.95,29.95,28.05,28.05,4000,0
SKUMARSYNF,19970526,28,30.9,28,30.9,900,0
SKUMARSYNF,19970527,32,34,32,34,2300,0
SKUMARSYNF,19970528,33.75,34.5,33.75,34.5,300,0
SKUMARSYNF,19970529,32,32,31.75,31.75,200,0
SKUMARSYNF,19970530,30.25,32,30,32,900,0
SKUMARSYNF,19970603,32,32,32,32,400,0
SKUMARSYNF,19970604,30,31.8,29.3,31.8,700,0
SKUMARSYNF,19970606,30,30,30,30,200,0
SKUMARSYNF,19970610,32.25,32.25,29.6,29.6,4100,0
SKUMARSYNF,19970611,30,30,30,30,300,0
SKUMARSYNF,19970612,30,31.9,30,31.9,500,0
SKUMARSYNF,19970613,30,31.75,30,30.75,2600,0
SKUMARSYNF,19970616,31,31.5,28.5,28.5,5000,0
SKUMARSYNF,19970617,30,30,27.55,27.55,3400,0
SKUMARSYNF,19970618,29.5,29.5,25.1,28.75,3200,0
SKUMARSYNF,19970619,27.95,27.95,27.95,27.95,6000,0
SKUMARSYNF,19970620,28,28,26.55,26.55,3400,0
SKUMARSYNF,19970623,28,28,23.95,27.75,14400,0
SKUMARSYNF,19970624,27.05,29,27,28.25,6200,0
SKUMARSYNF,19970625,27,29.7,26,29.7,1600,0
SKUMARSYNF,19970626,29.85,29.85,29.85,29.85,500,0
SKUMARSYNF,19970627,30.75,30.75,27,27,6200,0
SKUMARSYNF,19970701,27.75,27.85,25,27.6,1700,0
SKUMARSYNF,19970702,27,27,25.8,25.8,500,0
SKUMARSYNF,19970703,25.5,25.5,25,25.25,300,0
SKUMARSYNF,19970704,23.6,25.5,23.5,24,1700,0
SKUMARSYNF,19970707,24,26.4,24,26.4,3300,0
SKUMARSYNF,19970708,29,29,28,28.6,1500,0
SKUMARSYNF,19970709,29,31.5,28.05,30,2900,0
SKUMARSYNF,19970710,30,32,30,30.55,4900,0
SKUMARSYNF,19970711,31.4,31.95,31,31.5,6600,0
SKUMARSYNF,19970714,33.5,33.5,29.05,30.75,5900,0
SKUMARSYNF,19970715,30.5,33.85,29.5,33.85,9600,0
SKUMARSYNF,19970716,34.5,37.05,34.5,37.05,5900,0
SKUMARSYNF,19970717,40,40.7,37.05,40.7,8100,0
SKUMARSYNF,19970721,39,42.25,39,41.6,9400,0
SKUMARSYNF,19970722,40.55,41,39.5,39.85,5800,0
SKUMARSYNF,19970723,38.9,40,38.1,39.1,7700,0
SKUMARSYNF,19970724,42.5,42.5,37,39.25,9000,0
SKUMARSYNF,19970725,39.65,40.1,37.5,38.85,5300,0
SKUMARSYNF,19970728,39.2,39.2,37,37,5100,0
SKUMARSYNF,19970729,37,37.5,35.5,36,8400,0
SKUMARSYNF,19970730,36.05,38.9,34.05,37.5,7000,0
SKUMARSYNF,19970731,36.7,36.7,35,35.95,3400,0
SKUMARSYNF,19970801,36.95,36.95,35,35,3500,0
SKUMARSYNF,19970804,35.45,35.45,34.75,34.75,5500,0
SKUMARSYNF,19970805,35.35,35.35,31.35,34,5400,0
SKUMARSYNF,19970806,33,33,33,33,200,0
SKUMARSYNF,19970807,32.8,36,32.8,35,4200,0
SKUMARSYNF,19970808,35.5,35.5,34.75,34.75,4200,0
SKUMARSYNF,19970811,35.5,35.5,33.25,33.95,5400,0
SKUMARSYNF,19970812,34,34,32.5,33.8,3900,0
SKUMARSYNF,19970813,34,34,32.5,32.5,2200,0
SKUMARSYNF,19970814,32,33,32,33,3100,0
SKUMARSYNF,19970818,32.75,32.75,31.25,31.25,3300,0
SKUMARSYNF,19970819,30.1,31.95,30,30.05,4700,0
SKUMARSYNF,19970820,30,30,29,29,2300,0
SKUMARSYNF,19970821,30.85,30.85,30,30,3500,0
SKUMARSYNF,19970822,31.5,31.5,30.5,30.5,1700,0
SKUMARSYNF,19970826,30.25,30.25,29.9,29.9,3500,0
SKUMARSYNF,19970827,28,31,28,28.95,3100,0
SKUMARSYNF,19970828,30.25,30.25,28,28,5200,0
SKUMARSYNF,19970829,26.5,28,26,28,2200,0
SKUMARSYNF,19970901,29.9,29.9,25.5,25.5,5100,0
SKUMARSYNF,19970902,28,28,24,24,3200,0
SKUMARSYNF,19970903,25.95,25.95,22.5,22.5,2000,0
SKUMARSYNF,19970904,24.75,24.75,23,24.6,3100,0
SKUMARSYNF,19970905,23.1,23.1,23.05,23.05,400,0
SKUMARSYNF,19970908,24.8,24.8,23.5,23.5,1800,0
SKUMARSYNF,19970909,23.25,24,23.25,23.25,5200,0
SKUMARSYNF,19970910,24,24.25,23.55,23.55,3100,0
SKUMARSYNF,19970911,23.7,23.7,23.7,23.7,3000,0
SKUMARSYNF,19970912,24.85,24.85,23.5,23.5,3900,0
SKUMARSYNF,19970915,24,24,23,23,3200,0
SKUMARSYNF,19970916,22.5,23.75,22.5,23.7,3200,0
SKUMARSYNF,19970917,23.5,23.5,23.5,23.5,3000,0
SKUMARSYNF,19970918,23.5,23.5,23.5,23.5,100,0
SKUMARSYNF,19970919,23,23,22.9,22.9,3000,0
SKUMARSYNF,19970922,22.5,22.5,22.5,22.5,3100,0
SKUMARSYNF,19970923,21.95,21.95,21.95,21.95,3000,0
SKUMARSYNF,19970924,21.95,23,21.25,23,1700,0
SKUMARSYNF,19970925,23,23,23,23,4500,0
SKUMARSYNF,19970929,23,24.15,21.95,21.95,3200,0
SKUMARSYNF,19970930,21.85,21.9,21,21,3300,0
SKUMARSYNF,19971001,22.05,22.05,20,20,3500,0
SKUMARSYNF,19971009,21,21,21,21,3000,0
SKUMARSYNF,19971010,22,22,20.9,20.95,1700,0
SKUMARSYNF,19971013,21.5,22,21.5,22,4700,0
SKUMARSYNF,19971014,23,23.1,21.25,21.5,3200,0
SKUMARSYNF,19971015,21.5,22.1,20.5,20.5,1900,0
SKUMARSYNF,19971016,20.05,21.25,20.05,21.2,3300,0
SKUMARSYNF,19971017,20.5,20.5,20.4,20.4,800,0
SKUMARSYNF,19971020,20,20,20,20,100,0
SKUMARSYNF,19971021,21,21,21,21,3200,0
SKUMARSYNF,19971023,20.05,20.05,20.05,20.05,100,0
SKUMARSYNF,19971027,19.3,19.3,19.3,19.3,200,0
SKUMARSYNF,19971029,18.55,20,18.5,20,300,0
SKUMARSYNF,19971103,19,19,19,19,100,0
SKUMARSYNF,19971105,19,19.5,19,19.5,3100,0
SKUMARSYNF,19971106,20.4,20.4,19,19,3100,0
SKUMARSYNF,19971107,19.75,19.75,19.75,19.75,3000,0
SKUMARSYNF,19971110,19.5,19.5,19.5,19.5,200,0
SKUMARSYNF,19971112,20,20,20,20,3000,0
SKUMARSYNF,19971113,19,19.25,19,19.15,1500,0
SKUMARSYNF,19971117,19.5,19.5,19.5,19.5,3000,0
SKUMARSYNF,19971118,19.45,19.45,19.45,19.45,1500,0
SKUMARSYNF,19971119,19.25,19.5,18.75,18.75,3100,0
SKUMARSYNF,19971120,19.5,19.5,19.5,19.5,3000,0
SKUMARSYNF,19971124,20,20,20,20,1500,0
SKUMARSYNF,19971125,19.5,19.5,19.5,19.5,1500,0
SKUMARSYNF,19971126,20,20,20,20,3000,0
SKUMARSYNF,19971127,20,20,19.25,19.25,1700,0
SKUMARSYNF,19971128,19.5,20,19.5,20,3000,0
SKUMARSYNF,19971201,19.75,20.25,19.75,20.25,3000,0
SKUMARSYNF,19971202,19.45,19.5,19.45,19.45,3200,0
SKUMARSYNF,19971204,19.75,19.75,18.5,18.5,3100,0
SKUMARSYNF,19971205,18,18,18,18,100,0
SKUMARSYNF,19971208,18.75,18.75,18,18,3100,0
SKUMARSYNF,19971209,18.5,18.7,18.5,18.7,3000,0
SKUMARSYNF,19971210,18.75,18.75,17.9,17.9,3100,0
SKUMARSYNF,19971211,18.45,18.45,18,18,3100,0
SKUMARSYNF,19971212,18.5,18.75,18.5,18.75,3000,0
SKUMARSYNF,19971215,18.25,18.45,18.25,18.45,3000,0
SKUMARSYNF,19971216,18,18,18,18,3000,0
SKUMARSYNF,19971217,18.75,18.75,18.25,18.25,3000,0
SKUMARSYNF,19971219,17.35,17.35,17.35,17.35,100,0
SKUMARSYNF,19971222,18,18.1,17.5,18.1,800,0
SKUMARSYNF,19971223,18.5,19,18.5,19,600,0
SKUMARSYNF,19971226,19.75,19.95,19.75,19.95,300,0
SKUMARSYNF,19971229,19.75,20.9,19.75,20.9,700,0
SKUMARSYNF,19971230,20.2,21.55,20.2,21,1000,0
SKUMARSYNF,19971231,20.95,21,20.6,20.65,600,0
SKUMARSYNF,19980101,21,21,20.1,20.1,3700,0
SKUMARSYNF,19980102,20.5,21.15,20.5,21.15,900,0
SKUMARSYNF,19980105,20.55,21,20.55,21,1300,0
SKUMARSYNF,19980106,21,21,20,20.05,2200,0
SKUMARSYNF,19980107,22,22,20,21.15,400,0
SKUMARSYNF,19980108,20.05,20.05,20,20,400,0
SKUMARSYNF,19980109,18,18,18,18,200,0
SKUMARSYNF,19980112,18,18,18,18,200,0
SKUMARSYNF,19980115,19,19.75,16.2,17.95,13300,0
SKUMARSYNF,19980119,17,17.1,17,17.1,200,0
SKUMARSYNF,19980120,17,17.5,16.7,16.7,1500,0
SKUMARSYNF,19980121,17,17.25,17,17.25,800,0
SKUMARSYNF,19980122,16.75,17.25,16.75,17.25,800,0
SKUMARSYNF,19980127,16.4,16.4,15.55,16.15,1400,0
SKUMARSYNF,19980128,16.25,17.55,16.25,17.55,2400,0
SKUMARSYNF,19980129,17.15,17.5,17.15,17.5,600,0
SKUMARSYNF,19980130,17.5,17.7,17.5,17.7,1700,0
SKUMARSYNF,19980202,17.5,17.7,17.45,17.7,2700,0
SKUMARSYNF,19980203,18.1,18.9,18,18.3,2000,0
SKUMARSYNF,19980204,18.1,18.4,18,18,900,0
SKUMARSYNF,19980205,17.7,17.95,17.7,17.95,500,0
SKUMARSYNF,19980206,17.65,17.75,17.65,17.75,500,0
SKUMARSYNF,19980209,17.2,17.2,17,17,700,0
SKUMARSYNF,19980210,17.1,17.1,17,17,300,0
SKUMARSYNF,19980217,17,17,17,17,400,0
SKUMARSYNF,19980218,16.9,16.9,16.9,16.9,100,0
SKUMARSYNF,19980220,17.4,17.4,17.3,17.4,600,0
SKUMARSYNF,19980223,17.35,17.95,17.35,17.95,300,0
SKUMARSYNF,19980224,17.4,17.7,17.15,17.5,1300,0
SKUMARSYNF,19980225,17.4,17.4,17,17,1200,0
SKUMARSYNF,19980226,17,17.7,17,17.65,1500,0
SKUMARSYNF,19980227,17.6,17.6,17.6,17.6,100,0
SKUMARSYNF,19980302,17.6,17.9,17.5,17.6,1700,0
SKUMARSYNF,19980303,16.85,17.5,16.75,16.75,5000,0
SKUMARSYNF,19980310,16.45,16.5,16.45,16.5,200,0
SKUMARSYNF,19980311,16.55,16.55,16,16,400,0
SKUMARSYNF,19980312,16.15,17.5,16.05,17.5,1600,0
SKUMARSYNF,19980316,18.3,18.3,18,18,1100,0
SKUMARSYNF,19980317,18.25,18.25,17.05,17.15,3400,0
SKUMARSYNF,19980318,17.8,17.8,17.8,17.8,500,0
SKUMARSYNF,19980319,18,18.5,18,18.25,600,0
SKUMARSYNF,19980320,18,18,17.5,17.5,200,0
SKUMARSYNF,19980324,17,17.1,17,17,600,0
SKUMARSYNF,19980327,18,18,18,18,300,0
SKUMARSYNF,19980331,17.2,17.5,17.2,17.35,700,0
SKUMARSYNF,19980402,17.5,17.5,17.5,17.5,100,0
SKUMARSYNF,19980403,17.5,18,17.5,17.75,600,0
SKUMARSYNF,19980406,17.7,18.25,17.7,18.25,900,0
SKUMARSYNF,19980407,19,19,17.55,17.55,700,0
SKUMARSYNF,19980409,18.25,19.15,18,19,10400,0
SKUMARSYNF,19980410,19.8,20.9,18.6,20.9,8000,0
SKUMARSYNF,19980413,20.75,21.8,20.1,21.8,6700,0
SKUMARSYNF,19980415,24,24,23.5,24,1800,0
SKUMARSYNF,19980416,24.95,25.95,23.15,24.5,5300,0
SKUMARSYNF,19980417,22.25,23.45,22.25,22.25,700,0
SKUMARSYNF,19980420,22.5,22.75,22,22.1,2800,0
SKUMARSYNF,19980421,22.25,22.25,20.5,21.65,4400,0
SKUMARSYNF,19980422,22,22.4,21,22.4,1200,0
SKUMARSYNF,19980423,21.9,21.9,20.55,20.55,600,0
SKUMARSYNF,19980424,18.6,19.4,18.6,19,2600,0
SKUMARSYNF,19980427,19.65,19.65,19.1,19.65,500,0
SKUMARSYNF,19980428,19.25,19.25,18.6,18.6,1600,0
SKUMARSYNF,19980429,18,18,18,18,200,0
SKUMARSYNF,19980430,18.95,19,18.95,18.95,200,0
SKUMARSYNF,19980504,20.85,20.85,20.85,20.85,2500,0
SKUMARSYNF,19980505,22,22.5,21.5,22.45,2100,0
SKUMARSYNF,19980506,23.9,24.45,22.75,23.1,6600,0
SKUMARSYNF,19980508,22.5,22.75,21,22.75,1800,0
SKUMARSYNF,19980511,22.3,23,22.3,22.5,2700,0
SKUMARSYNF,19980512,22,22,20.75,20.75,2100,0
SKUMARSYNF,19980513,21.9,21.9,18.85,20,2700,0
SKUMARSYNF,19980514,19,19,18.65,18.65,700,0
SKUMARSYNF,19980515,20.2,20.5,20.2,20.25,1100,0
SKUMARSYNF,19980518,20.25,20.5,19.6,19.6,900,0
SKUMARSYNF,19980519,20,20.5,20,20,2700,0
SKUMARSYNF,19980520,20,22,20,21.85,2300,0
SKUMARSYNF,19980521,22,22.5,21,21,2500,0
SKUMARSYNF,19980522,21.45,21.6,21.45,21.5,1000,0
SKUMARSYNF,19980525,21.5,21.5,20.5,20.55,700,0
SKUMARSYNF,19980526,20.5,20.5,20.5,20.5,100,0
SKUMARSYNF,19980528,20.45,20.45,20.4,20.4,300,0
SKUMARSYNF,19980529,20,20,20,20,500,0
SKUMARSYNF,19980601,20,20,19.8,19.8,400,0
SKUMARSYNF,19980602,19.05,19.05,18.75,18.75,1200,0
SKUMARSYNF,19980603,18.5,19.75,18.5,19.75,300,0
SKUMARSYNF,19980605,18.05,18.6,18,18.6,500,0
SKUMARSYNF,19980608,18,18,17,17,1800,0
SKUMARSYNF,19980609,17.1,18.25,17,18,600,0
SKUMARSYNF,19980610,17.1,17.1,16.25,16.25,2200,0
SKUMARSYNF,19980612,16.75,16.75,16.5,16.5,600,0
SKUMARSYNF,19980615,16,16,15,15,700,0
SKUMARSYNF,19980616,15,15,15,15,100,0
SKUMARSYNF,19980618,17.2,17.2,16.9,16.9,3600,0
SKUMARSYNF,19980619,16,16.5,16,16.5,200,0
SKUMARSYNF,19980623,15.2,16,15.2,15.3,300,0
SKUMARSYNF,19980624,15.5,15.5,15.5,15.5,100,0
SKUMARSYNF,19980626,16.1,16.1,15.6,15.6,500,0
SKUMARSYNF,19980629,16.5,16.5,16.5,16.5,100,0
SKUMARSYNF,19980630,16.75,16.75,16.75,16.75,200,0
SKUMARSYNF,19980703,15.5,15.5,15.5,15.5,100,0
SKUMARSYNF,19980706,15.9,15.9,15.9,15.9,100,0
SKUMARSYNF,19980710,15.35,15.35,15.35,15.35,500,0
SKUMARSYNF,19980713,15.5,15.5,15.5,15.5,100,0
SKUMARSYNF,19980714,15.1,15.1,15,15,1200,0
SKUMARSYNF,19980715,15.5,15.5,15.5,15.5,800,0
SKUMARSYNF,19980716,17,17,16.5,16.5,500,0
SKUMARSYNF,19980717,15.3,16.4,15.3,16.4,300,0
SKUMARSYNF,19980721,15.7,15.7,15.7,15.7,200,0
SKUMARSYNF,19980723,16.1,16.1,15.1,15.1,800,0
SKUMARSYNF,19980724,15,15.4,15,15.4,500,0
SKUMARSYNF,19980727,15,15,14.55,14.55,700,0
SKUMARSYNF,19980728,14.5,14.85,14.5,14.85,400,0
SKUMARSYNF,19980729,15.55,16,15.55,16,900,0
SKUMARSYNF,19980730,18.5,18.5,18,18,600,0
SKUMARSYNF,19980731,17.95,18,17.25,17.25,600,0
SKUMARSYNF,19980803,16.8,16.8,16.1,16.1,600,0
SKUMARSYNF,19980804,16.5,16.8,15.5,16,1200,0
SKUMARSYNF,19980805,15.75,15.75,15.75,15.75,200,0
SKUMARSYNF,19980806,16.9,16.9,16.5,16.65,500,0
SKUMARSYNF,19980810,15,15,15,15,100,0
SKUMARSYNF,19980811,15,15.5,15,15.05,300,0
SKUMARSYNF,19980812,16,16,16,16,100,0
SKUMARSYNF,19980814,15.6,15.6,15.5,15.5,400,0
SKUMARSYNF,19980821,16,16,16,16,100,0
SKUMARSYNF,19980825,15.85,15.85,15.85,15.85,200,0
SKUMARSYNF,19980827,14.75,14.75,14.75,14.75,100,0
SKUMARSYNF,19980828,14,14.3,14,14,400,0
SKUMARSYNF,19980831,15,15,15,15,100,0
SKUMARSYNF,19980901,13.75,13.75,13.75,13.75,100,0
SKUMARSYNF,19980904,15.7,15.7,15.7,15.7,100,0
SKUMARSYNF,19980907,14.1,14.1,14.1,14.1,100,0
SKUMARSYNF,19980908,15,15,14.75,15,300,0
SKUMARSYNF,19980909,15.5,15.5,15.5,15.5,400,0
SKUMARSYNF,19980910,15.25,15.25,15.25,15.25,100,0
SKUMARSYNF,19980911,15.5,16,15.25,15.25,600,0
SKUMARSYNF,19980914,16.25,17.5,16.25,17.45,1600,0
SKUMARSYNF,19980915,16.95,16.95,16.8,16.8,700,0
SKUMARSYNF,19980916,17,17,16.65,16.65,800,0
SKUMARSYNF,19980917,17.5,17.6,17.5,17.6,500,0
SKUMARSYNF,19980918,16.25,16.25,16.25,16.25,100,0
SKUMARSYNF,19980921,16.6,16.6,16.6,16.6,100,0
SKUMARSYNF,19980922,16.25,16.5,16.25,16.5,400,0
SKUMARSYNF,19980923,16.5,16.5,16.5,16.5,100,0
SKUMARSYNF,19980924,16.75,16.75,16.75,16.75,200,0
SKUMARSYNF,19980925,17,17,16.5,17,1800,0
SKUMARSYNF,19980928,16.45,17,16.45,17,500,0
SKUMARSYNF,19980929,16.65,17.1,16.6,16.6,900,0
SKUMARSYNF,19981006,15.25,15.25,15.05,15.15,200,0
SKUMARSYNF,19981013,15.05,15.1,15.05,15.05,800,0
SKUMARSYNF,19981014,15.5,15.5,15.5,15.5,400,0
SKUMARSYNF,19981015,16.25,16.7,16.25,16.7,200,0
SKUMARSYNF,19981019,17.2,17.2,17.2,17.2,300,0
SKUMARSYNF,19981020,17.25,17.4,17.25,17.4,200,0
SKUMARSYNF,19981022,16.5,16.5,16.5,16.5,100,0
SKUMARSYNF,19981026,17.25,18,17.25,18,700,0
SKUMARSYNF,19981027,17.65,18,17.65,18,500,0
SKUMARSYNF,19981028,17.9,17.9,17.9,17.9,100,0
SKUMARSYNF,19981031,17.9,17.9,17.9,17.9,400,0
SKUMARSYNF,19981110,15.55,15.9,15.55,15.9,200,0
SKUMARSYNF,19981111,16.3,16.3,16.25,16.25,400,0
SKUMARSYNF,19981112,16.85,16.85,16.85,16.85,200,0
SKUMARSYNF,19981113,16.2,16.25,16.2,16.25,200,0
SKUMARSYNF,19981116,16.7,16.7,16.05,16.05,300,0
SKUMARSYNF,19981117,15.7,15.7,15.5,15.6,700,0
SKUMARSYNF,19981119,15.95,15.95,15.95,15.95,100,0
SKUMARSYNF,19981120,16.1,16.1,15.65,15.65,300,0
SKUMARSYNF,19981123,15.6,15.6,15.4,15.4,800,0
SKUMARSYNF,19981124,15.6,15.6,15.6,15.6,100,0
SKUMARSYNF,19981126,15.15,15.15,15.15,15.15,400,0
SKUMARSYNF,19981127,15.5,15.5,15.5,15.5,200,0
SKUMARSYNF,19981130,14.85,15,14.85,15,200,0
SKUMARSYNF,19981201,14.9,15,14.9,14.9,500,0
SKUMARSYNF,19981202,15.2,15.2,15,15,400,0
SKUMARSYNF,19981203,15,15,14.9,14.9,200,0
SKUMARSYNF,19981204,14.35,14.75,14.35,14.5,700,0
SKUMARSYNF,19981207,16.25,16.25,16.25,16.25,100,0
SKUMARSYNF,19981208,14.5,14.5,14.5,14.5,100,0
SKUMARSYNF,19981209,15,15,15,15,400,0
SKUMARSYNF,19981216,16,16,13,13,200,0
SKUMARSYNF,19981217,14.5,14.5,14.5,14.5,200,0
SKUMARSYNF,19981218,15.2,15.2,14,14,300,0
SKUMARSYNF,19981222,16.5,16.5,14,14,300,0
SKUMARSYNF,19981223,15,15.3,15,15.3,200,0
SKUMARSYNF,19981224,15.4,15.4,15.4,15.4,100,0
SKUMARSYNF,19981228,15.5,15.55,15.25,15.25,400,0
SKUMARSYNF,19981229,15,15,13.1,14.7,600,0
SKUMARSYNF,19981230,15,15.5,15,15,900,0
SKUMARSYNF,19981231,13.1,15,12.1,14.5,800,0
SKUMARSYNF,19990104,14.3,14.3,14.3,14.3,300,0
SKUMARSYNF,19990106,15.9,16.9,15.6,15.6,5500,0
SKUMARSYNF,19990107,16.75,16.75,15.75,15.75,400,0
SKUMARSYNF,19990108,15.8,16.7,15.8,16.25,1000,0
SKUMARSYNF,19990111,16,16,15.3,15.5,800,0
SKUMARSYNF,19990112,15,15.9,15,15.9,4200,0
SKUMARSYNF,19990113,14.95,16.5,14.9,16.5,5400,0
SKUMARSYNF,19990114,15.5,16.5,15.4,16.5,1300,0
SKUMARSYNF,19990115,15.6,15.6,15.55,15.55,200,0
SKUMARSYNF,19990118,15.75,15.75,15.55,15.55,500,0
SKUMARSYNF,19990119,15.15,16.15,15.1,15.25,11900,0
SKUMARSYNF,19990121,15.1,15.1,15.1,15.1,100,0
SKUMARSYNF,19990125,13.5,14,13.5,14,200,0
SKUMARSYNF,19990127,14.8,15,14.8,15,1200,0
SKUMARSYNF,19990128,14.5,14.5,13.1,13.1,1200,0
SKUMARSYNF,19990129,14.4,14.95,14.4,14.95,300,0
SKUMARSYNF,19990201,15,15,15,15,1000,0
SKUMARSYNF,19990202,14,14.5,14,14.5,1000,0
SKUMARSYNF,19990203,14.05,14.5,14.05,14.5,200,0
SKUMARSYNF,19990205,13.05,13.05,13.05,13.05,200,0
SKUMARSYNF,19990209,13.1,13.15,13,13.1,1800,0
SKUMARSYNF,19990210,14,14,14,14,100,0
SKUMARSYNF,19990211,13.4,13.4,13.4,13.4,500,0
SKUMARSYNF,19990212,13.4,13.4,13.4,13.4,500,0
SKUMARSYNF,19990215,14,14.75,14,14,2000,0
SKUMARSYNF,19990216,13.75,13.75,13.75,13.75,3400,0
SKUMARSYNF,19990217,13.55,14,13.55,13.75,1200,0
SKUMARSYNF,19990218,13.5,16.5,13.5,13.55,2500,0
SKUMARSYNF,19990219,13.75,13.75,13.75,13.75,500,0
SKUMARSYNF,19990222,13.5,13.95,13,13.2,3300,0
SKUMARSYNF,19990223,12.85,13.25,12.3,13.25,5200,0
SKUMARSYNF,19990224,16,16,15,15.6,7400,0
SKUMARSYNF,19990225,14.3,15.9,14.3,15,5000,0
SKUMARSYNF,19990226,14.9,14.9,14.55,14.75,3300,0
SKUMARSYNF,19990227,15,15.4,14.95,15,1700,0
SKUMARSYNF,19990301,15.3,15.5,15.05,15.5,4800,0
SKUMARSYNF,19990303,15.25,15.5,15.1,15.1,3100,0
SKUMARSYNF,19990304,14.75,14.75,14.6,14.6,400,0
SKUMARSYNF,19990305,14.75,15,14.5,14.7,1500,0
SKUMARSYNF,19990308,14.3,15.2,14.3,15.2,500,0
SKUMARSYNF,19990309,14.5,14.9,14.45,14.45,2000,0
SKUMARSYNF,19990310,14.15,14.8,14.15,14.8,1500,0
SKUMARSYNF,19990311,13.65,14.15,13.65,13.8,3600,0
SKUMARSYNF,19990312,14.5,15.2,14.5,15.2,1400,0
SKUMARSYNF,19990315,14.3,14.5,14.3,14.5,400,0
SKUMARSYNF,19990316,14.9,14.9,13.85,14.45,1500,0
SKUMARSYNF,19990317,13.8,13.8,13.8,13.8,400,0
SKUMARSYNF,19990318,15.5,15.5,14,15,1200,0
SKUMARSYNF,19990319,14.3,15,14.3,15,2300,0
SKUMARSYNF,19990320,14.35,14.35,14.2,14.2,500,0
SKUMARSYNF,19990322,15,15.25,14.75,14.75,1000,0
SKUMARSYNF,19990323,14.5,15.2,14.5,14.55,1400,0
SKUMARSYNF,19990324,15.15,18.2,15,15.25,3200,0
SKUMARSYNF,19990325,16,16.45,15.5,15.5,1400,0
SKUMARSYNF,19990326,15.5,15.75,15.05,15.25,1300,0
SKUMARSYNF,19990330,14.95,14.95,14.2,14.25,3400,0
SKUMARSYNF,19990331,15.75,15.75,15.75,15.75,100,0
SKUMARSYNF,19990405,15.15,15.15,15.15,15.15,200,0
SKUMARSYNF,19990406,14.05,14.05,11.5,14,600,0
SKUMARSYNF,19990407,14,14,14,14,100,0
SKUMARSYNF,19990412,13,13,12.95,12.95,1000,0
SKUMARSYNF,19990413,12.5,12.6,12.05,12.05,1600,0
SKUMARSYNF,19990415,12.9,12.9,12.9,12.9,100,0
SKUMARSYNF,19990416,10.05,13,10.05,13,400,0
SKUMARSYNF,19990417,13,13.05,13,13.05,600,0
SKUMARSYNF,19990419,13,13,13,13,200,0
SKUMARSYNF,19990420,13.1,13.1,13.1,13.1,300,0
SKUMARSYNF,19990421,14.4,14.4,14.4,14.4,200,0
SKUMARSYNF,19990422,12.6,12.6,12.6,12.6,500,0
SKUMARSYNF,19990426,12.25,12.25,11.05,11.05,500,0
SKUMARSYNF,19990503,12.5,12.5,12.5,12.5,100,0
SKUMARSYNF,19990505,12.5,12.5,12.5,12.5,100,0
SKUMARSYNF,19990506,12.1,12.1,12,12,1300,0
SKUMARSYNF,19990507,12.5,12.5,12.5,12.5,100,0
SKUMARSYNF,19990510,11.3,11.3,11,11.3,1600,0
SKUMARSYNF,19990511,11.5,11.5,11.05,11.5,2500,0
SKUMARSYNF,19990512,11.65,11.65,11.6,11.6,500,0
SKUMARSYNF,19990513,12,13,12,13,1500,0
SKUMARSYNF,19990514,12.9,13,12.9,12.9,400,0
SKUMARSYNF,19990519,13,14.75,13,14,2100,0
SKUMARSYNF,19990520,13.7,13.7,13.7,13.7,200,0
SKUMARSYNF,19990521,13,13,13,13,300,0
SKUMARSYNF,19990524,12.7,12.7,12.7,12.7,100,0
SKUMARSYNF,19990525,12.25,12.75,12.25,12.25,1200,0
SKUMARSYNF,19990526,12.75,12.75,11.75,12.5,700,0
SKUMARSYNF,19990527,12.35,12.35,12.35,12.35,100,0
SKUMARSYNF,19990601,12.6,13,12.15,12.15,1200,0
SKUMARSYNF,19990602,12.4,12.4,12.4,12.4,300,0
SKUMARSYNF,19990603,12.05,13,12,12.5,1500,0
SKUMARSYNF,19990604,12.95,15.5,12.95,15.5,3700,0
SKUMARSYNF,19990607,14.85,15.1,14.8,15,2100,0
SKUMARSYNF,19990608,15,15,14.05,14.4,1600,0
SKUMARSYNF,19990609,14.75,14.75,14.75,14.75,100,0
SKUMARSYNF,19990610,14.9,15,14.9,15,500,0
SKUMARSYNF,19990611,14.5,14.5,14.2,14.5,700,0
SKUMARSYNF,19990614,14,14,14,14,100,0
SKUMARSYNF,19990615,14,14.25,13.1,14.25,900,0
SKUMARSYNF,19990616,13.95,13.95,13.2,13.2,400,0
SKUMARSYNF,19990618,14.5,14.5,13.4,13.4,1200,0
SKUMARSYNF,19990621,14.1,14.65,14.1,14.6,400,0
SKUMARSYNF,19990623,13,14,13,14,300,0
SKUMARSYNF,19990628,13.8,13.8,13.8,13.8,400,0
SKUMARSYNF,19990629,13.5,13.5,13.5,13.5,500,0
SKUMARSYNF,19990630,14,14.75,14,14.25,900,0
SKUMARSYNF,19990701,14.5,14.75,14.25,14.55,2300,0
SKUMARSYNF,19990702,14.4,14.5,14.25,14.5,2400,0
SKUMARSYNF,19990705,14.5,14.5,14.3,14.4,1300,0
SKUMARSYNF,19990706,14.35,14.75,14.35,14.5,5200,0
SKUMARSYNF,19990707,15,18,14.9,16.1,4600,0
SKUMARSYNF,19990708,15.6,19,15.6,16.95,4700,0
SKUMARSYNF,19990709,17.55,18.05,16.75,17.75,4500,0
SKUMARSYNF,19990712,17.9,19.5,17.9,19.25,7300,0
SKUMARSYNF,19990713,19,19.85,18.05,19.5,6700,0
SKUMARSYNF,19990714,22,22,17,17.5,7600,0
SKUMARSYNF,19990715,17.5,18,16.5,16.5,2500,0
SKUMARSYNF,19990716,16.5,17,16.5,17,800,0
SKUMARSYNF,19990719,16.05,16.05,16.05,16.05,200,0
SKUMARSYNF,19990720,16,17,15.6,15.6,3600,0
SKUMARSYNF,19990721,15.75,15.9,15.75,15.9,400,0
SKUMARSYNF,19990722,16.3,17.1,16.3,16.85,600,0
SKUMARSYNF,19990723,18,20,17,17,6500,0
SKUMARSYNF,19990726,16.55,19.8,16.55,16.6,9100,0
SKUMARSYNF,19990727,17,17.95,17,17.1,5600,0
SKUMARSYNF,19990728,17.5,18.7,17.5,18.7,3500,0
SKUMARSYNF,19990729,19.1,19.9,18.75,18.95,9400,0
SKUMARSYNF,19990730,19,19.5,18.3,18.4,4400,0
SKUMARSYNF,19990802,18.1,18.3,17,17.9,4000,0
SKUMARSYNF,19990803,19.95,19.95,18.75,19.35,1010600,0
SKUMARSYNF,19990804,20,20.5,20,20.25,1009600,0
SKUMARSYNF,19990805,20,21.15,20,20.95,14100,0
SKUMARSYNF,19990806,20.25,21,20.05,21,9200,0
SKUMARSYNF,19990809,21.65,22.5,19.5,19.5,20600,0
SKUMARSYNF,19990810,19.1,23,19,19.65,1048700,0
SKUMARSYNF,19990811,22.4,23.5,19.5,20,1582900,0
SKUMARSYNF,19990812,21.05,21.6,19.5,20.1,101800,0
SKUMARSYNF,19990813,20.3,21,19,19.45,52900,0
SKUMARSYNF,19990816,20.5,24,18.5,19.8,2363700,0
SKUMARSYNF,19990817,19.9,24.75,17.55,19.8,3149600,0
SKUMARSYNF,19990818,21.5,24.75,20.8,24.75,1015500,0
SKUMARSYNF,19990819,26.75,26.75,24.9,25.3,656900,0
SKUMARSYNF,19990820,26,27.35,25.1,27.35,162400,0
SKUMARSYNF,19990823,29.55,29.55,29.55,29.55,107300,0
SKUMARSYNF,19990824,31.95,31.95,30.35,31.95,395000,0
SKUMARSYNF,19990825,34.55,34.55,34.55,34.55,339800,0
SKUMARSYNF,19990826,36.9,37.35,32,34.05,336600,0
SKUMARSYNF,19990827,35.5,35.5,32.2,35,113000,0
SKUMARSYNF,19990830,35.6,36.25,32.35,34.7,194800,0
SKUMARSYNF,19990831,33.7,33.7,31.95,32.4,148100,0
SKUMARSYNF,19990901,33,34.45,30.2,31.2,106500,0
SKUMARSYNF,19990902,30.1,30.95,28.7,28.7,73600,0
SKUMARSYNF,19990903,26.8,31,26.75,29.95,114800,0
SKUMARSYNF,19990906,30.95,32.35,30.5,32.35,104300,0
SKUMARSYNF,19990907,34.8,34.95,31.25,34.25,191600,0
SKUMARSYNF,19990908,36,37,35.2,37,189100,0
SKUMARSYNF,19990909,39,39.5,36.95,37.75,215700,0
SKUMARSYNF,19990910,38.7,40.8,36.5,37.05,394500,0
SKUMARSYNF,19990914,36.5,37.7,36,36.45,167400,0
SKUMARSYNF,19990915,37.75,38,35.5,36.25,93100,0
SKUMARSYNF,19990916,35.25,36.5,33.35,33.7,77700,0
SKUMARSYNF,19990917,31.95,36.4,31.6,35.8,146700,0
SKUMARSYNF,19990920,35.9,35.9,33.2,33.35,48600,0
SKUMARSYNF,19990921,32.6,33.7,31.5,33.05,111600,0
SKUMARSYNF,19990922,35,35.7,33.55,35.7,94400,0
SKUMARSYNF,19990923,38.5,38.5,38.5,38.5,5,0
SKUMARSYNF,19990924,34,34.3,32,32.55,77700,0
SKUMARSYNF,19990927,33.35,33.4,31,32.25,34700,0
SKUMARSYNF,19990928,32,32,29.7,30.4,61100,0
SKUMARSYNF,19990929,31.45,32.15,29,30.1,78600,0
SKUMARSYNF,19990930,28.55,30.5,28.5,28.9,38300,0
SKUMARSYNF,19991001,28.75,29.2,27.5,27.95,47900,0
SKUMARSYNF,19991004,29,29,26.5,27.25,26300,0
SKUMARSYNF,19991005,26.5,28.25,26,27.3,44900,0
SKUMARSYNF,19991006,28,28.45,25.6,26.05,63200,0
SKUMARSYNF,19991007,27,28,26.75,27.9,63300,0
SKUMARSYNF,19991008,28,28.45,27,27.15,66000,0
SKUMARSYNF,19991011,26.5,27.55,25.1,25.95,43700,0
SKUMARSYNF,19991012,25.15,26.75,25,25.65,78700,0
SKUMARSYNF,19991013,26,27.7,26,27.7,32800,0
SKUMARSYNF,19991014,29.9,29.95,29.9,29.95,10300,0
SKUMARSYNF,19991015,30.8,30.8,28.4,29.25,77500,0
SKUMARSYNF,19991018,28.6,30,26.95,29.55,77800,0
SKUMARSYNF,19991020,31.95,31.95,31,31.95,16500,0
SKUMARSYNF,19991021,32.5,33,29.55,30.3,37700,0
SKUMARSYNF,19991022,30,30,28.7,29,25300,0
SKUMARSYNF,19991023,29.85,30.5,29.3,30.3,6500,0
SKUMARSYNF,19991025,31,31,27.9,28.05,45100,0
SKUMARSYNF,19991026,27.9,27.9,26.3,26.85,59900,0
SKUMARSYNF,19991027,28.5,29,26.7,27.05,71400,0
SKUMARSYNF,19991028,26.5,27.65,25.5,26.05,24700,0
SKUMARSYNF,19991029,25.15,26.25,24,24.3,74600,0
SKUMARSYNF,19991101,22.75,23.25,22.4,22.4,16000,0
SKUMARSYNF,19991102,23.4,24.2,20.65,24.2,68100,0
SKUMARSYNF,19991103,26,26.15,25.3,26.15,65000,0
SKUMARSYNF,19991104,27,27.35,25.8,26.4,19100,0
SKUMARSYNF,19991105,26.45,26.75,25.8,26,14200,0
SKUMARSYNF,19991107,26.4,28.05,26.2,26.7,18000,0
SKUMARSYNF,19991109,26,26.5,25,26.25,40200,0
SKUMARSYNF,19991110,25.15,28.35,25.15,28.2,51800,0
SKUMARSYNF,19991111,28,28,26.75,26.85,14100,0
SKUMARSYNF,19991112,26,26.55,25.85,26.25,7400,0
SKUMARSYNF,19991115,25.6,26,25.25,25.45,8400,0
SKUMARSYNF,19991116,24.9,25.25,24.2,24.6,28400,0
SKUMARSYNF,19991117,24.65,24.75,23.25,23.95,30100,0
SKUMARSYNF,19991118,23.1,24.5,23.1,23.85,12500,0
SKUMARSYNF,19991119,24,24.25,23.1,23.35,14200,0
SKUMARSYNF,19991122,23.1,24,22.65,23.4,19900,0
SKUMARSYNF,19991124,24.5,25.3,24,25.3,22500,0
SKUMARSYNF,19991125,25.25,27.35,24.3,26.45,44500,0
SKUMARSYNF,19991126,27,27,25.3,25.35,19000,0
SKUMARSYNF,19991129,25,25,24.6,24.65,18600,0
SKUMARSYNF,19991130,24.2,25.75,24,25.15,30500,0
SKUMARSYNF,19991201,26,27.2,26,27.2,32500,0
SKUMARSYNF,19991202,29.4,29.4,29.4,29.4,13100,0
SKUMARSYNF,19991203,31.7,31.7,31.7,31.7,200,0
SKUMARSYNF,19991206,34.3,34.3,34.3,34.3,34200,0
SKUMARSYNF,19991207,37.05,37.05,37.05,37.05,33800,0
SKUMARSYNF,19991208,39.9,40.05,34.1,35,670000,0
SKUMARSYNF,19991209,37.75,37.75,37.75,37.75,500,0
SKUMARSYNF,19991210,35.9,35.9,34,34.25,79100,0
SKUMARSYNF,19991213,32.25,33,31.55,31.55,88200,0
SKUMARSYNF,19991214,30.55,31.95,29.05,29.05,173500,0
SKUMARSYNF,19991215,28.5,29,27.25,28.4,82400,0
SKUMARSYNF,19991216,29.25,30.7,27.45,30.7,15400,0
SKUMARSYNF,19991217,32.5,33.2,31.05,31.45,184800,0
SKUMARSYNF,19991220,32,32.3,29.25,31.15,88800,0
SKUMARSYNF,19991221,32,32,29.05,29.3,75400,0
SKUMARSYNF,19991222,31.65,31.65,30,30.3,99000,0
SKUMARSYNF,19991223,31,31,27.9,27.9,86500,0
SKUMARSYNF,19991224,27.1,27.55,26.7,27.15,53100,0
SKUMARSYNF,19991227,25.15,27,25.15,25.95,37600,0
SKUMARSYNF,19991228,25.25,27,25.25,26.9,65500,0
SKUMARSYNF,19991229,27.1,28.25,26.9,27.55,19500,0
SKUMARSYNF,19991230,26.5,28,26.15,26.65,32700,0
SKUMARSYNF,20000103,28.7,28.8,27.7,28.8,21400,0
SKUMARSYNF,20000104,29.95,29.95,27.2,27.5,43900,0
SKUMARSYNF,20000105,27.5,29.7,26.1,27.55,69800,0
SKUMARSYNF,20000106,27.85,27.9,26.25,26.75,54700,0
SKUMARSYNF,20000107,26.1,26.5,25.35,25.75,27600,0
SKUMARSYNF,20000110,25.55,26.25,24.05,24.6,31200,0
SKUMARSYNF,20000111,24.25,24.9,22.65,22.9,79900,0
SKUMARSYNF,20000112,24.45,24.7,22.55,24.4,36200,0
SKUMARSYNF,20000113,25,25.4,22.45,22.45,78700,0
SKUMARSYNF,20000114,22.9,23.5,21.9,23.15,33900,0
SKUMARSYNF,20000117,21.6,23.2,21.6,22.6,24100,0
SKUMARSYNF,20000118,22.5,23,22,22.75,28000,0
SKUMARSYNF,20000121,24.1,25.05,24,24.65,15000,0
SKUMARSYNF,20000124,24.95,24.95,23,23.2,30900,0
SKUMARSYNF,20000125,22.3,23.85,22.2,23.3,46800,0
SKUMARSYNF,20000127,25.2,25.2,25.2,25.2,15700,0
SKUMARSYNF,20000128,27.25,27.25,27.25,27.25,11200,0
SKUMARSYNF,20000131,29.45,29.45,25.1,25.25,99600,0
SKUMARSYNF,20000201,24.8,26.5,24.6,26.15,61800,0
SKUMARSYNF,20000202,28.25,28.25,28.25,28.25,100,0
SKUMARSYNF,20000203,27.95,27.95,27.75,27.8,400,0
SKUMARSYNF,20000204,25.4,26.7,24.7,25.65,68100,0
SKUMARSYNF,20000207,26.5,26.9,24.3,24.5,50800,0
SKUMARSYNF,20000208,26.5,26.5,25.5,26.4,2200,0
SKUMARSYNF,20000209,26.4,26.45,26.4,26.45,1200,0
SKUMARSYNF,20000210,26.2,26.2,26.2,26.2,500,0
SKUMARSYNF,20000211,26.2,26.2,26.2,26.2,200,0
SKUMARSYNF,20000214,26,26,25.95,26,2900,0
SKUMARSYNF,20000215,25.95,25.95,25.95,25.95,2900,0
SKUMARSYNF,20000216,23.9,23.9,23.9,23.9,2100,0
SKUMARSYNF,20000217,25.85,25.85,25.85,25.85,2800,0
SKUMARSYNF,20000218,27.9,27.95,24.55,27.9,193400,0
SKUMARSYNF,20000221,29.1,29.3,27,28.85,113100,0
SKUMARSYNF,20000222,29.4,29.4,28,28.8,109700,0
SKUMARSYNF,20000223,29.85,31,26.5,26.95,76400,0
SKUMARSYNF,20000224,28.9,29,26.5,26.9,87500,0
SKUMARSYNF,20000225,28,28.4,25.5,26,22300,0
SKUMARSYNF,20000228,25,26.5,25,26.3,27800,0
SKUMARSYNF,20000229,26.8,26.85,25,25.15,49100,0
SKUMARSYNF,20000301,25,25.95,25,25.5,13000,0
SKUMARSYNF,20000302,27.1,27.1,23.5,23.5,53300,0
SKUMARSYNF,20000303,24.6,24.6,22.1,22.3,38900,0
SKUMARSYNF,20000306,22.35,23.4,21.7,22,25300,0
SKUMARSYNF,20000307,22.5,22.5,20.25,20.25,42000,0
SKUMARSYNF,20000308,20.8,20.8,18.65,18.65,20900,0
SKUMARSYNF,20000309,16,18.3,16,16.35,34400,0
SKUMARSYNF,20000310,16.9,18.9,15.7,17.75,52600,0
SKUMARSYNF,20000313,18.45,18.45,16.15,16.25,56100,0
SKUMARSYNF,20000314,15.75,16.2,14.9,15.25,111200,0
SKUMARSYNF,20000315,16,16.7,15,16.2,40300,0
SKUMARSYNF,20000316,17.8,17.8,15.3,15.8,17000,0
SKUMARSYNF,20000321,16,16,13.3,14,57400,0
SKUMARSYNF,20000322,14.9,15.9,14.9,15.4,22000,0
SKUMARSYNF,20000323,15,15,15,15,2000,0
SKUMARSYNF,20000324,16,16,16,16,200,0
SKUMARSYNF,20000327,16.95,17.25,15.8,16.45,16800,0
SKUMARSYNF,20000328,16.55,16.6,15.65,15.9,30500,0
SKUMARSYNF,20000329,16,16.9,15.65,15.85,7500,0
SKUMARSYNF,20000330,15.25,16,15.25,15.5,6900,0
SKUMARSYNF,20000331,16,16,15,15.15,18100,0
SKUMARSYNF,20000403,15.7,15.8,14.75,15.25,8900,0
SKUMARSYNF,20000404,14.95,14.95,12.5,12.95,49200,0
SKUMARSYNF,20000405,13.85,14.25,13.3,14.25,14500,0
SKUMARSYNF,20000406,14.45,14.75,13.8,14.1,4500,0
SKUMARSYNF,20000407,14.4,14.9,14,14.9,10000,0
SKUMARSYNF,20000410,15,15.1,14.15,14.2,10700,0
SKUMARSYNF,20000411,14.45,14.45,12.9,13.9,16000,0
SKUMARSYNF,20000412,14.3,14.5,13.75,14.2,4000,0
SKUMARSYNF,20000413,13.25,14.25,13.25,14.05,8000,0
SKUMARSYNF,20000417,13.85,13.95,13.35,13.9,3600,0
SKUMARSYNF,20000418,13.75,13.75,12.4,12.8,21100,0
SKUMARSYNF,20000419,13,13.45,12.75,13.15,4000,0
SKUMARSYNF,20000420,12.9,13.1,12.6,13,3700,0
SKUMARSYNF,20000424,12.9,12.9,12.5,12.5,3700,0
SKUMARSYNF,20000425,12.4,12.4,10.05,11.15,23700,0
SKUMARSYNF,20000426,11.45,12.85,11.45,12.7,11800,0
SKUMARSYNF,20000427,12.5,12.5,11.55,12,10100,0
SKUMARSYNF,20000428,12.8,12.8,11.5,11.85,4700,0
SKUMARSYNF,20000502,11.95,12,10.5,10.8,18300,0
SKUMARSYNF,20000503,10.2,10.95,10.15,10.85,5000,0
SKUMARSYNF,20000504,11.4,12,11.25,11.35,15500,0
SKUMARSYNF,20000505,11.8,11.95,11.2,11.3,9800,0
SKUMARSYNF,20000508,11.2,11.5,10.75,11.1,6900,0
SKUMARSYNF,20000509,11,11.5,10.85,11.15,6300,0
SKUMARSYNF,20000510,11.65,11.65,10.75,10.75,3700,0
SKUMARSYNF,20000511,11,11,10.9,10.9,1100,0
SKUMARSYNF,20000512,12.35,12.35,10.6,10.6,1200,0
SKUMARSYNF,20000515,10.35,10.5,10,10.35,7100,0
SKUMARSYNF,20000516,9.55,10.75,9.55,10.25,10800,0
SKUMARSYNF,20000517,10.5,10.65,10.1,10.6,2800,0
SKUMARSYNF,20000518,10.9,10.9,10.15,10.2,1200,0
SKUMARSYNF,20000519,10.75,10.75,10.3,10.3,3800,0
SKUMARSYNF,20000522,12.5,12.5,12.5,12.5,100,0
SKUMARSYNF,20000523,11.75,11.75,11.5,11.5,1100,0
SKUMARSYNF,20000524,11.9,11.9,11.9,11.9,500,0
SKUMARSYNF,20000525,12,12,11.25,11.25,1000,0
SKUMARSYNF,20000526,10.45,10.7,10.3,10.55,5500,0
SKUMARSYNF,20000529,11,11,11,11,100,0
SKUMARSYNF,20000530,11,11,11,11,500,0
SKUMARSYNF,20000531,11.9,11.9,10.9,11.5,5900,0
SKUMARSYNF,20000601,11.65,11.65,10.3,10.6,12900,0
SKUMARSYNF,20000602,11,11,10.5,10.9,3500,0
SKUMARSYNF,20000605,10.85,10.9,10.55,10.6,4100,0
SKUMARSYNF,20000606,12.9,12.9,12.9,12.9,100,0
SKUMARSYNF,20000607,11.3,11.3,10.3,10.75,5300,0
SKUMARSYNF,20000608,10.5,10.8,10.5,10.6,8400,0
SKUMARSYNF,20000609,11,11.85,11,11.15,1400,0
SKUMARSYNF,20000612,11.6,11.75,11.6,11.75,1000,0
SKUMARSYNF,20000613,11.7,11.7,11.65,11.7,2300,0
SKUMARSYNF,20000614,12.7,12.75,12.6,12.6,3203,0
SKUMARSYNF,20000615,11,11.45,10.95,11.1,5100,0
SKUMARSYNF,20000616,12.55,12.75,12.55,12.7,2600,0
SKUMARSYNF,20000619,12.7,13.4,12.7,12.75,1302,0
SKUMARSYNF,20000620,13.25,13.5,13.25,13.5,1400,0
SKUMARSYNF,20000621,13.7,13.7,12.5,12.6,18000,0
SKUMARSYNF,20000622,13.05,13.05,12,12.5,3593,0
SKUMARSYNF,20000623,12.5,12.5,12.5,12.5,200,0
SKUMARSYNF,20000626,12.5,12.5,11.75,12.2,6800,0
SKUMARSYNF,20000627,12.5,12.5,11.7,11.8,12204,0
SKUMARSYNF,20000628,12.95,12.95,12.95,12.95,100,0
SKUMARSYNF,20000629,11.9,12,11.55,12,1000,0
SKUMARSYNF,20000630,11.7,12.05,11.7,11.85,1000,0
SKUMARSYNF,20000703,11.5,11.5,9.9,9.95,105425,0
SKUMARSYNF,20000704,10,10.4,9.95,10.1,23300,0
SKUMARSYNF,20000705,10.5,10.9,10.5,10.55,2500,0
SKUMARSYNF,20000706,10.5,10.75,10.5,10.6,3300,0
SKUMARSYNF,20000707,10.5,10.75,10.4,10.75,4260,0
SKUMARSYNF,20000710,10.9,10.9,10.2,10.3,2200,0
SKUMARSYNF,20000711,10.2,10.5,10,10.1,9200,0
SKUMARSYNF,20000712,10.2,10.55,10.1,10.55,1100,0
SKUMARSYNF,20000713,10.25,10.45,10.25,10.25,1900,0
SKUMARSYNF,20000714,10.5,10.5,10.05,10.35,3700,0
SKUMARSYNF,20000717,10.65,10.7,10.15,10.2,3600,0
SKUMARSYNF,20000718,10,10.25,9.7,10,11700,0
SKUMARSYNF,20000719,10.2,10.2,10,10.1,2200,0
SKUMARSYNF,20000720,10.7,11,9.55,10,5450,0
SKUMARSYNF,20000721,10.25,10.4,10.1,10.4,2900,0
SKUMARSYNF,20000724,10,10,9.65,9.7,600,0
SKUMARSYNF,20000725,9.7,9.7,9.1,9.6,9300,0
SKUMARSYNF,20000726,9.9,9.95,9.6,9.6,2050,0
SKUMARSYNF,20000727,9.85,9.85,9.35,9.65,905,0
SKUMARSYNF,20000728,10.25,10.3,10,10.15,3500,0
SKUMARSYNF,20000731,9.35,9.9,9.35,9.9,2200,0
SKUMARSYNF,20000801,9.45,9.7,9.25,9.25,8900,0
SKUMARSYNF,20000802,9.15,9.7,9.1,9.55,2600,0
SKUMARSYNF,20000803,9.6,9.65,8.8,8.95,9400,0
SKUMARSYNF,20000804,9.4,9.4,9.1,9.1,1500,0
SKUMARSYNF,20000807,9.1,9.2,8.75,9.2,1300,0
SKUMARSYNF,20000808,9.05,9.05,8.5,8.6,3900,0
SKUMARSYNF,20000809,9.15,9.15,8.65,8.65,1000,0
SKUMARSYNF,20000810,9.3,9.3,8.65,8.95,2700,0
SKUMARSYNF,20000811,9,9.15,8.5,8.5,18600,0
SKUMARSYNF,20000814,8.2,9.5,8.1,8.85,11650,0
SKUMARSYNF,20000816,8.65,8.85,8.65,8.85,2200,0
SKUMARSYNF,20000817,8.75,9.25,8.75,9.25,1300,0
SKUMARSYNF,20000818,9.2,9.2,8.75,8.95,300,0
SKUMARSYNF,20000821,8.75,8.95,8.75,8.85,2095,0
SKUMARSYNF,20000822,8.55,8.9,8.5,8.85,2200,0
SKUMARSYNF,20000823,8.7,9.15,8.7,9.15,1701,0
SKUMARSYNF,20000824,9.4,9.4,8.75,8.75,300,0
SKUMARSYNF,20000825,12.9,12.9,9.15,9.75,2695,0
SKUMARSYNF,20000828,9.75,10.3,9.6,9.8,3601,0
SKUMARSYNF,20000829,9.5,9.9,9.35,9.75,3652,0
SKUMARSYNF,20000830,11.75,11.75,9.6,9.6,2109,0
SKUMARSYNF,20000831,12,12,9.55,9.65,3801,0
SKUMARSYNF,20000904,9.4,9.85,9.4,9.5,5200,0
SKUMARSYNF,20000905,11.9,11.9,9.3,9.3,4404,0
SKUMARSYNF,20000906,9.7,10,9.55,9.65,4700,0
SKUMARSYNF,20000907,11.4,11.4,9.4,9.65,3809,0
SKUMARSYNF,20000908,9.75,10.1,9.75,10.1,6302,0
SKUMARSYNF,20000911,10.15,10.3,9.8,9.9,7048,0
SKUMARSYNF,20000912,9.9,10.2,9.85,9.95,8341,0
SKUMARSYNF,20000913,10,10.5,9.95,10.05,9050,0
SKUMARSYNF,20000914,10,10.25,9.8,10.1,6100,0
SKUMARSYNF,20000915,9.95,10.1,9.75,9.95,8200,0
SKUMARSYNF,20000918,9.5,9.5,9.1,9.1,8301,0
SKUMARSYNF,20000919,9,9,8.35,8.5,8800,0
SKUMARSYNF,20000920,8.5,9.25,8.5,9.25,2300,0
SKUMARSYNF,20000921,9.1,9.25,8.75,8.75,3450,0
SKUMARSYNF,20000922,10.25,10.25,8.1,8.65,5712,0
SKUMARSYNF,20000925,9.15,9.15,8.8,9,2900,0
SKUMARSYNF,20000926,9.4,9.5,9,9.05,12305,0
SKUMARSYNF,20000927,9.4,9.9,9.25,9.4,5516,0
SKUMARSYNF,20000928,9.35,9.35,9,9.05,3800,0
SKUMARSYNF,20000929,9,9.35,9,9.2,7020,0
SKUMARSYNF,20001003,8.9,8.95,6.15,8.45,18000,0
SKUMARSYNF,20001004,8.7,8.85,8.5,8.6,11061,0
SKUMARSYNF,20001005,8.75,8.8,8.35,8.45,6406,0
SKUMARSYNF,20001006,9.4,9.4,8.2,8.7,2701,0
SKUMARSYNF,20001009,8.7,8.8,8.05,8.5,5500,0
SKUMARSYNF,20001010,8.5,8.7,8.3,8.3,8322,0
SKUMARSYNF,20001011,8.5,8.75,8.1,8.15,6866,0
SKUMARSYNF,20001012,10.35,10.35,8.1,8.2,7646,0
SKUMARSYNF,20001013,10,10,8.2,8.25,1650,0
SKUMARSYNF,20001016,7.8,8.5,7.7,8,3105,0
SKUMARSYNF,20001017,7.7,8.15,7.7,7.95,5949,0
SKUMARSYNF,20001018,8.05,8.55,7.75,8.55,8036,0
SKUMARSYNF,20001019,7.55,8.5,7.55,8.5,1200,0
SKUMARSYNF,20001020,8.45,8.45,8,8.1,2852,0
SKUMARSYNF,20001023,11.05,11.05,8,8.45,2803,0
SKUMARSYNF,20001024,7.95,8.2,7.95,7.95,4401,0
SKUMARSYNF,20001025,7.5,8.4,7.5,8,1201,0
SKUMARSYNF,20001027,8,8.8,8,8.65,4550,0
SKUMARSYNF,20001030,8.5,8.5,8.2,8.45,1500,0
SKUMARSYNF,20001031,8.6,9.35,8.6,8.85,7801,0
SKUMARSYNF,20001101,8.5,8.7,8.5,8.7,1200,0
SKUMARSYNF,20001102,8.95,9.2,8.55,9,8586,0
SKUMARSYNF,20001103,9.2,9.45,9,9,3910,0
SKUMARSYNF,20001106,9.35,9.5,9.15,9.2,9952,0
SKUMARSYNF,20001107,9.6,9.6,9,9.05,23556,0
SKUMARSYNF,20001108,9.35,9.4,9.1,9.4,2110,0
SKUMARSYNF,20001109,9.45,9.5,9.3,9.35,3835,0
SKUMARSYNF,20001110,9.15,9.35,8.8,9,3528,0
SKUMARSYNF,20001113,8.9,8.9,8.75,8.75,508,0
SKUMARSYNF,20001114,8.7,8.7,8.3,8.5,5850,0
SKUMARSYNF,20001115,8.5,8.9,8.5,8.65,2599,0
SKUMARSYNF,20001116,8.65,8.8,8.6,8.75,3300,0
SKUMARSYNF,20001117,8.75,8.8,8.55,8.8,2569,0
SKUMARSYNF,20001120,8.8,8.95,8.75,8.95,1429,0
SKUMARSYNF,20001121,8.9,8.9,8.6,8.8,3292,0
SKUMARSYNF,20001122,9,9,8.85,8.85,2400,0
SKUMARSYNF,20001123,9.15,9.15,8.5,8.5,3205,0
SKUMARSYNF,20001124,8.55,9,8.25,8.95,3802,0
SKUMARSYNF,20001127,8.15,9.35,8.15,9.25,5101,0
SKUMARSYNF,20001128,8.85,9.7,8.85,9.65,7296,0
SKUMARSYNF,20001129,9.2,9.5,9.2,9.4,5339,0
SKUMARSYNF,20001130,9.1,9.55,9.1,9.5,3640,0
SKUMARSYNF,20001201,9.5,9.65,9.1,9.5,10900,0
SKUMARSYNF,20001204,9.65,9.65,9.25,9.45,5505,0
SKUMARSYNF,20001205,9.45,9.65,9.45,9.45,11150,0
SKUMARSYNF,20001206,9.95,10,9.95,10,2000,0
SKUMARSYNF,20001207,9.25,10.2,9.25,10.15,14900,0
SKUMARSYNF,20001208,10.2,10.3,10,10.25,13150,0
SKUMARSYNF,20001211,9.7,10.8,9.7,10.5,6526,0
SKUMARSYNF,20001212,10.5,10.7,10.25,10.35,8625,0
SKUMARSYNF,20001213,10.25,10.9,10.25,10.5,4410,0
SKUMARSYNF,20001214,10.75,12,10.75,11.6,24875,0
SKUMARSYNF,20001215,11.95,12.1,11.05,11.35,13400,0
SKUMARSYNF,20001218,11.15,11.15,10.6,10.8,6672,0
SKUMARSYNF,20001219,10.8,10.8,10.3,10.6,10070,0
SKUMARSYNF,20001220,11,11,10.75,10.9,2000,0
SKUMARSYNF,20001221,10.25,10.6,10.25,10.6,3390,0
SKUMARSYNF,20001222,10.85,10.9,10.1,10.3,3350,0
SKUMARSYNF,20001226,10,10.35,9.3,9.65,6900,0
SKUMARSYNF,20001228,9.7,9.9,9.7,9.9,1000,0
SKUMARSYNF,20001229,9.7,10,9.55,9.8,5110,0
SKUMARSYNF,20010101,10.5,10.5,9.8,9.8,2562,0
SKUMARSYNF,20010102,9.45,9.5,9,9.3,16700,0
SKUMARSYNF,20010103,10.4,10.4,9.6,9.65,3451,0
SKUMARSYNF,20010104,9.65,9.95,9.5,9.9,4662,0
SKUMARSYNF,20010105,9.5,10,9.35,9.9,2901,0
SKUMARSYNF,20010108,9.6,9.6,9.4,9.4,2300,0
SKUMARSYNF,20010109,9.6,9.6,9,9.05,7100,0
SKUMARSYNF,20010110,9.25,9.25,9.1,9.1,500,0
SKUMARSYNF,20010111,9.25,9.25,9.2,9.2,1200,0
SKUMARSYNF,20010112,9.25,9.6,9.25,9.35,2300,0
SKUMARSYNF,20010115,9.25,9.25,8.8,8.95,4690,0
SKUMARSYNF,20010116,9.3,9.3,8.8,9.2,2730,0
SKUMARSYNF,20010117,8.55,9.2,8.55,9.1,3301,0
SKUMARSYNF,20010118,9.9,9.9,8.8,9.1,2800,0
SKUMARSYNF,20010119,8.7,9.05,8.6,8.9,1951,0
SKUMARSYNF,20010122,9,9.1,8.9,9,980,0
SKUMARSYNF,20010123,9,9.15,8.8,9.1,8310,0
SKUMARSYNF,20010124,9.85,9.85,9,9.25,6551,0
SKUMARSYNF,20010125,9.35,9.35,9.05,9.1,2000,0
SKUMARSYNF,20010129,9.1,9.1,8.85,9,1200,0
SKUMARSYNF,20010130,9,9.35,8.9,9,7870,0
SKUMARSYNF,20010131,13,13,9.1,9.1,13141,0
SKUMARSYNF,20010201,9.1,10.35,8.2,8.7,10300,0
SKUMARSYNF,20010202,8.85,9,8.6,8.6,4600,0
SKUMARSYNF,20010205,8.95,9.15,8.8,8.8,8199,0
SKUMARSYNF,20010206,9.5,9.5,8.8,9.1,6295,0
SKUMARSYNF,20010207,9.5,10,9.3,9.6,10226,0
SKUMARSYNF,20010208,9.3,9.9,9.3,9.6,5251,0
SKUMARSYNF,20010209,10.2,10.2,9.5,9.55,13452,0
SKUMARSYNF,20010212,9.4,10,9.05,9.15,8811,0
SKUMARSYNF,20010213,9.2,9.6,8.85,9.15,14591,0
SKUMARSYNF,20010214,9.65,10.2,9.35,9.9,15000,0
SKUMARSYNF,20010215,10,10.45,9.9,10,9050,0
SKUMARSYNF,20010216,10.1,10.5,9.8,9.95,11150,0
SKUMARSYNF,20010219,10,10.1,9.65,9.65,6050,0
SKUMARSYNF,20010220,9.8,9.8,9.5,9.55,16101,0
SKUMARSYNF,20010221,9.4,9.95,9.4,9.95,5750,0
SKUMARSYNF,20010222,10.05,10.15,9.5,9.75,4100,0
SKUMARSYNF,20010223,9.35,9.45,9.35,9.4,3700,0
SKUMARSYNF,20010226,9.35,9.35,8.95,9,5940,0
SKUMARSYNF,20010227,9.4,9.45,7.65,7.75,21900,0
SKUMARSYNF,20010228,8.4,8.8,8.25,8.5,6700,0
SKUMARSYNF,20010301,8.5,8.7,8.5,8.6,3100,0
SKUMARSYNF,20010302,8.25,8.45,8.05,8.2,2100,0
SKUMARSYNF,20010305,8.5,8.5,7.5,7.6,17435,0
SKUMARSYNF,20010307,8.25,8.3,7.25,8.2,5392,0
SKUMARSYNF,20010308,9.9,9.9,7.7,7.8,1052,0
SKUMARSYNF,20010309,8.95,8.95,7.25,7.5,3651,0
SKUMARSYNF,20010312,7.3,7.45,7.05,7.05,2450,0
SKUMARSYNF,20010313,4.5,6.65,4.5,5.9,5427,0
SKUMARSYNF,20010314,6.6,7.3,6.6,7.1,2778,0
SKUMARSYNF,20010315,7.4,7.4,6.8,7,1451,0
SKUMARSYNF,20010316,7.5,7.5,6.1,7.05,2041,0
SKUMARSYNF,20010319,5.7,7.4,5.65,6.5,6461,0
SKUMARSYNF,20010320,6,6.7,5.85,5.95,8281,0
SKUMARSYNF,20010321,6.7,6.7,6,6.65,1316,0
SKUMARSYNF,20010322,5.6,7,5.6,6.7,2801,0
SKUMARSYNF,20010323,6.25,6.85,6.1,6.15,19187,0
SKUMARSYNF,20010326,7.75,7.75,5.85,5.95,12001,0
SKUMARSYNF,20010327,5.9,6.2,5.9,6,1300,0
SKUMARSYNF,20010328,5.3,6.5,5.3,6.1,2211,0
SKUMARSYNF,20010329,5.55,6.5,5.55,6,1500,0
SKUMARSYNF,20010330,6,6,6,6,400,0
SKUMARSYNF,20010402,6.35,6.35,5.45,5.55,2475,0
SKUMARSYNF,20010403,5.4,5.75,5.25,5.4,3800,0
SKUMARSYNF,20010404,5.75,5.75,5.3,5.3,800,0
SKUMARSYNF,20010406,5.3,6,5.25,5.6,2143,0
SKUMARSYNF,20010409,5.5,6.4,4.55,5.35,8925,0
SKUMARSYNF,20010410,5.8,5.8,5.2,5.35,2286,0
SKUMARSYNF,20010411,8,8,5.25,5.55,1203,0
SKUMARSYNF,20010412,5.4,6.35,5.25,5.5,7051,0
SKUMARSYNF,20010416,5.9,6.2,5.5,5.8,5403,0
SKUMARSYNF,20010417,5.45,6,5.45,5.85,7090,0
SKUMARSYNF,20010418,8.5,8.5,6,6.5,6921,0
SKUMARSYNF,20010419,6.5,7.3,6.5,7.25,3400,0
SKUMARSYNF,20010420,7,7.35,7,7.05,4700,0
SKUMARSYNF,20010423,7.2,7.2,6.95,7,1100,0
SKUMARSYNF,20010424,6.7,7.1,6.65,6.75,6761,0
SKUMARSYNF,20010425,6.95,6.95,6.55,6.55,4100,0
SKUMARSYNF,20010426,6.8,6.8,6.6,6.65,2301,0
SKUMARSYNF,20010427,6.05,6.5,6,6.2,4900,0
SKUMARSYNF,20010430,6,6.4,5.75,6.4,2600,0
SKUMARSYNF,20010502,6.3,6.3,6.2,6.25,2200,0
SKUMARSYNF,20010503,6.6,6.6,6.15,6.2,3501,0
SKUMARSYNF,20010504,6.2,6.2,6.15,6.2,1199,0
SKUMARSYNF,20010507,5.9,6.25,5.8,6.25,2300,0
SKUMARSYNF,20010508,6.05,6.3,5.9,6.25,5800,0
SKUMARSYNF,20010509,5.9,6,5.9,6,1100,0
SKUMARSYNF,20010510,6.2,6.2,6,6.05,1500,0
SKUMARSYNF,20010511,6.2,6.2,5.9,5.9,2350,0
SKUMARSYNF,20010514,5.8,5.95,5.7,5.95,4100,0
SKUMARSYNF,20010515,5.8,5.9,5.8,5.85,7325,0
SKUMARSYNF,20010516,5.75,6.1,5.65,5.8,5100,0
SKUMARSYNF,20010517,6,6.25,6,6.25,1005,0
SKUMARSYNF,20010518,8.5,8.5,5.7,6.15,1452,0
SKUMARSYNF,20010521,5.55,6.1,5.5,5.9,2700,0
SKUMARSYNF,20010522,5.85,6,5.85,5.95,8900,0
SKUMARSYNF,20010523,5.85,6,5.85,5.9,700,0
SKUMARSYNF,20010524,6,6.15,6,6.15,1501,0
SKUMARSYNF,20010525,6.15,6.15,6.05,6.05,3200,0
SKUMARSYNF,20010528,5.95,6.15,5.95,6,5302,0
SKUMARSYNF,20010529,6.25,6.25,5.85,6.1,1950,0
SKUMARSYNF,20010530,5.85,6.45,5.85,6.2,3699,0
SKUMARSYNF,20010531,5.85,5.85,5.85,5.85,200,0
SKUMARSYNF,20010601,6.1,6.1,5.95,5.95,101,0
SKUMARSYNF,20010604,6.1,6.1,6,6,502,0
SKUMARSYNF,20010605,5.7,5.85,5.7,5.8,1100,0
SKUMARSYNF,20010606,5.8,5.8,5.8,5.8,500,0
SKUMARSYNF,20010607,6,6,6,6,200,0
SKUMARSYNF,20010608,5.7,6,5.7,5.95,1040,0
SKUMARSYNF,20010611,5.9,5.9,5.35,5.55,11501,0
SKUMARSYNF,20010612,5.85,5.85,5.35,5.4,1861,0
SKUMARSYNF,20010613,5.95,5.95,5.45,5.85,17602,0
SKUMARSYNF,20010614,5.7,5.75,5.55,5.55,935,0
SKUMARSYNF,20010615,5.5,5.5,5.5,5.5,500,0
SKUMARSYNF,20010618,5.7,5.7,5.05,5.3,1594,0
SKUMARSYNF,20010619,5.45,5.45,5.05,5.15,3451,0
SKUMARSYNF,20010620,5.25,5.9,5.25,5.9,201,0
SKUMARSYNF,20010621,5.45,5.45,5.15,5.15,15400,0
SKUMARSYNF,20010622,5.5,5.5,5.2,5.4,1402,0
SKUMARSYNF,20010625,5.7,5.7,5.05,5.25,102,0
SKUMARSYNF,20010626,5.7,5.7,5,5.1,5103,0
SKUMARSYNF,20010627,7.05,7.05,7.05,7.05,1,0
SKUMARSYNF,20010628,5.15,5.7,5.15,5.25,502,0
SKUMARSYNF,20010629,5.7,5.7,5,5,4701,0
SKUMARSYNF,20010702,6,6,6,6,1,0
SKUMARSYNF,20010703,9,9,9,9,1,0
SKUMARSYNF,20010704,5.5,5.5,5.5,5.5,50,0
SKUMARSYNF,20010705,6.5,6.5,5,5.65,342,0
SKUMARSYNF,20010706,8.45,8.45,4.8,4.8,5863,0
SKUMARSYNF,20010709,5,5,5,5,50,0
SKUMARSYNF,20010710,4.6,5,4.6,5,108,0
SKUMARSYNF,20010711,5,5,5,5,400,0
SKUMARSYNF,20010712,4.8,4.8,4.8,4.8,100,0
SKUMARSYNF,20010713,4.5,4.5,4.5,4.5,500,0
SKUMARSYNF,20010716,5,5,5,5,100,0
SKUMARSYNF,20010717,5,5.4,4.75,4.75,1020,0
SKUMARSYNF,20010718,4.95,5,4.75,5,6300,0
SKUMARSYNF,20010719,5,5,5,5,300,0
SKUMARSYNF,20010720,5,5.45,5,5.2,3103,0
SKUMARSYNF,20010724,4.95,7.5,4.95,7.25,17501,0
SKUMARSYNF,20010725,7.6,9.25,5.95,9.1,75035,0
SKUMARSYNF,20010726,8.15,10.2,8.15,10.15,78197,0
SKUMARSYNF,20010727,10.2,11.75,10,11.45,107727,0
SKUMARSYNF,20010730,11,11.05,8.95,10.2,29640,0
SKUMARSYNF,20010731,10,10.4,8.5,10.2,29575,0
SKUMARSYNF,20010801,9.9,10.25,9.5,10,11629,0
SKUMARSYNF,20010802,10.8,10.8,9.2,10.05,9776,0
SKUMARSYNF,20010803,9.75,10.25,9.45,9.85,9150,0
SKUMARSYNF,20010806,9.45,10.1,9.45,9.95,10151,0
SKUMARSYNF,20010807,10,10.1,9.25,9.95,17300,0
SKUMARSYNF,20010808,9.5,10.05,9.5,10,9600,0
SKUMARSYNF,20010809,9.35,9.55,9.25,9.4,3150,0
SKUMARSYNF,20010810,9.75,9.95,9.05,9.6,14051,0
SKUMARSYNF,20010813,9.4,10.25,9.4,10,16075,0
SKUMARSYNF,20010814,9.65,10.25,9.5,10.1,11251,0
SKUMARSYNF,20010816,9.8,10.2,9.75,10.1,13001,0
SKUMARSYNF,20010817,9.7,10,9.6,10,8525,0
SKUMARSYNF,20010820,9.4,9.75,9.4,9.7,1600,0
SKUMARSYNF,20010821,9.2,10,9.2,9.9,7135,0
SKUMARSYNF,20010823,9.5,10.2,9.5,10.05,6625,0
SKUMARSYNF,20010824,9.7,10.15,9.5,10,6300,0
SKUMARSYNF,20010827,9.9,10.1,9.75,10,6800,0
SKUMARSYNF,20010828,9.5,10.05,9.5,9.95,10600,0
SKUMARSYNF,20010829,9.75,10.05,9.75,10,8900,0
SKUMARSYNF,20010830,9.95,10.2,9.75,10,6950,0
SKUMARSYNF,20010831,9.75,10.15,9.6,9.9,6460,0
SKUMARSYNF,20010903,9.6,10.1,9.6,10,3900,0
SKUMARSYNF,20010904,9.65,10.05,9.65,9.95,5300,0
SKUMARSYNF,20010905,9.65,9.95,9.3,9.85,9700,0
SKUMARSYNF,20010906,9.5,9.95,9.5,9.9,5100,0
SKUMARSYNF,20010907,9.35,9.95,8.55,9.8,11600,0
SKUMARSYNF,20010910,8.65,9.65,8.65,9.25,13900,0
SKUMARSYNF,20010911,7.55,9,7.55,8.8,4100,0
SKUMARSYNF,20010912,8.85,8.85,7.5,7.5,400,0
SKUMARSYNF,20010913,7.25,7.25,7.25,7.25,500,0
SKUMARSYNF,20010914,8.5,8.5,7.05,7.15,3800,0
SKUMARSYNF,20010917,6,8.75,6,7.45,9100,0
SKUMARSYNF,20010918,7.25,8.6,7.25,8.35,5701,0
SKUMARSYNF,20010919,8.65,8.7,8,8,2600,0
SKUMARSYNF,20010920,8.1,8.1,7.6,7.9,4300,0
SKUMARSYNF,20010921,7.25,7.3,7.25,7.3,400,0
SKUMARSYNF,20010924,8.2,8.6,8.2,8.35,3100,0
SKUMARSYNF,20010925,7.65,7.65,7.65,7.65,100,0
SKUMARSYNF,20010927,7.85,7.85,7.85,7.85,100,0
SKUMARSYNF,20010928,7.95,8.4,7.95,8.4,280,0
SKUMARSYNF,20011001,7.55,7.55,7.55,7.55,400,0
SKUMARSYNF,20011003,7.4,7.75,7.4,7.75,400,0
SKUMARSYNF,20011004,7.6,7.6,7.5,7.5,970,0
SKUMARSYNF,20011005,7.5,7.5,7.5,7.5,1900,0
SKUMARSYNF,20011008,7.1,7.1,7.1,7.1,300,0
SKUMARSYNF,20011009,7.1,7.45,7.1,7.45,1529,0
SKUMARSYNF,20011010,7,7,7,7,100,0
SKUMARSYNF,20011011,7.05,7.5,7.05,7.5,1200,0
SKUMARSYNF,20011012,7.55,7.55,7.55,7.55,400,0
SKUMARSYNF,20011015,7.5,7.5,7.5,7.5,140,0
SKUMARSYNF,20011016,6.25,7.5,6.25,7.5,1001,0
SKUMARSYNF,20011018,6,7.25,6,7.25,1500,0
SKUMARSYNF,20011019,7,7,6.55,6.8,3,0
SKUMARSYNF,20011022,7,7.05,7,7.05,300,0
SKUMARSYNF,20011023,7.05,7.05,7.05,7.05,1000,0
SKUMARSYNF,20011024,7.1,7.1,7.1,7.1,500,0
SKUMARSYNF,20011029,7.5,7.7,7.5,7.7,400,0
SKUMARSYNF,20011030,7.7,7.7,6.6,7,500,0
SKUMARSYNF,20011031,8.9,8.9,6.7,6.75,102,0
SKUMARSYNF,20011101,7.15,7.15,7.1,7.1,1200,0
SKUMARSYNF,20011102,7.05,7.05,7,7,2000,0
SKUMARSYNF,20011105,8.25,8.25,6.6,7.4,3,0
SKUMARSYNF,20011107,6.15,6.15,6.15,6.15,100,0
SKUMARSYNF,20011108,6.5,7,6.3,6.75,3350,0
SKUMARSYNF,20011109,7.2,7.25,7.2,7.25,60,0
SKUMARSYNF,20011112,7,7,7,7,400,0
SKUMARSYNF,20011113,7.1,7.1,7.1,7.1,300,0
SKUMARSYNF,20011115,7.05,7.1,7.05,7.1,1500,0
SKUMARSYNF,20011119,7.1,7.7,6,7.6,4041,0
SKUMARSYNF,20011120,6.95,7.7,6.95,7.65,1000,0
SKUMARSYNF,20011121,7.6,7.75,7.15,7.65,3000,0
SKUMARSYNF,20011122,7.85,8,7.35,7.35,2950,0
SKUMARSYNF,20011123,7.15,7.95,7.15,7.2,2650,0
SKUMARSYNF,20011126,7.5,8,7.5,8,3750,0
SKUMARSYNF,20011127,8.9,8.9,7.55,7.6,1105,0
SKUMARSYNF,20011128,7.7,7.9,7.65,7.9,1200,0
SKUMARSYNF,20011129,7.35,8.2,7.35,7.65,975,0
SKUMARSYNF,20011203,7.95,7.95,7.3,7.5,302,0
SKUMARSYNF,20011204,7.5,7.5,7.5,7.5,1200,0
SKUMARSYNF,20011205,7.2,7.2,7.2,7.2,500,0
SKUMARSYNF,20011206,7.35,7.55,7.3,7.3,800,0
SKUMARSYNF,20011207,7.5,7.7,7.05,7.7,927,0
SKUMARSYNF,20011210,7.15,7.7,7.1,7.25,3000,0
SKUMARSYNF,20011211,7.25,7.25,6.8,6.95,1500,0
SKUMARSYNF,20011212,7.25,7.25,6.85,6.9,3400,0
SKUMARSYNF,20011213,6.85,7,6.5,7,3700,0
SKUMARSYNF,20011214,6.6,6.6,6.55,6.6,2300,0
SKUMARSYNF,20011221,6,6,6,6,250,0
SKUMARSYNF,20011224,6,6,5.75,5.9,1800,0
SKUMARSYNF,20011226,5.35,5.95,5.35,5.4,3300,0
SKUMARSYNF,20011227,5.9,5.9,5.9,5.9,190,0
SKUMARSYNF,20011231,5.5,5.65,5.45,5.6,1700,0
SKUMARSYNF,20020102,5.75,6.6,5.75,6.15,200,0
SKUMARSYNF,20020103,5.9,6,5.9,5.9,1310,0
SKUMARSYNF,20020104,5.6,6,5.5,5.85,2460,0
SKUMARSYNF,20020108,6.05,6.05,6,6,2390,0
SKUMARSYNF,20020109,6,6,5.9,5.9,925,0
SKUMARSYNF,20020110,6,6.35,6,6,1200,0
SKUMARSYNF,20020111,6,6,5.9,5.9,1200,0
SKUMARSYNF,20020114,5.75,5.9,5.75,5.9,600,0
SKUMARSYNF,20020115,5.7,5.7,5.7,5.7,300,0
SKUMARSYNF,20020116,5.65,5.75,5.65,5.7,501,0
SKUMARSYNF,20020117,5.75,6,5.75,5.85,1810,0
SKUMARSYNF,20020118,6,6,5.5,5.6,11240,0
SKUMARSYNF,20020121,6,6,5.15,5.45,20791,0
SKUMARSYNF,20020122,5.5,5.75,5.05,5.05,18352,0
SKUMARSYNF,20020123,4.95,5.25,4.65,4.8,22290,0
SKUMARSYNF,20020124,5.15,5.2,4.45,4.45,20602,0
SKUMARSYNF,20020125,4.75,4.85,4.75,4.85,850,0
SKUMARSYNF,20020128,5.15,5.15,5.15,5.15,4400,0
SKUMARSYNF,20020129,5,5,5,5,1650,0
SKUMARSYNF,20020130,5,5,4.6,5,8000,0
SKUMARSYNF,20020201,4.95,5.05,4.8,5.05,4200,0
SKUMARSYNF,20020204,5.35,5.35,5,5.2,127,0
SKUMARSYNF,20020205,5.15,5.2,5.1,5.1,921,0
SKUMARSYNF,20020206,5.1,5.2,5,5.2,4226,0
SKUMARSYNF,20020207,5.4,5.4,4.9,5.05,4150,0
SKUMARSYNF,20020208,5.2,5.45,5.2,5.45,6352,0
SKUMARSYNF,20020211,5.9,5.9,5.25,5.5,506,0
SKUMARSYNF,20020212,5.75,5.95,5.5,5.85,11800,11038
SKUMARSYNF,20020213,5.45,6,5.45,5.75,623,622
SKUMARSYNF,20020214,5.8,5.95,5.8,5.9,1936,1936
SKUMARSYNF,20020215,5.75,6.2,5.7,5.95,3357,3157
SKUMARSYNF,20020218,5.75,6.45,5.75,6.4,8503,8000
SKUMARSYNF,20020219,6.5,6.5,6.15,6.2,3024,2824
SKUMARSYNF,20020220,6.1,6.2,6,6.15,3399,3399
SKUMARSYNF,20020221,6,6.25,6,6.2,2401,2400
SKUMARSYNF,20020222,6.35,6.45,6.15,6.3,1631,1631
SKUMARSYNF,20020225,6.2,6.3,6.1,6.15,2401,2400
SKUMARSYNF,20020226,6.4,6.4,6.3,6.4,1600,1600
SKUMARSYNF,20020227,6.25,6.5,6.25,6.35,4216,4214
SKUMARSYNF,20020228,6.25,6.6,6.1,6.1,18007,17706
SKUMARSYNF,20020301,6.1,6.35,6.1,6.35,8405,0
SKUMARSYNF,20020304,6.2,6.6,6.2,6.4,1750,0
SKUMARSYNF,20020305,6.2,6.3,6.2,6.25,5101,0
SKUMARSYNF,20020306,6.3,6.3,6.25,6.25,800,0
SKUMARSYNF,20020307,6.15,6.25,6.15,6.25,1500,0
SKUMARSYNF,20020308,6,6.5,6,6.25,9280,0
SKUMARSYNF,20020311,6,6.05,6,6,1300,0
SKUMARSYNF,20020312,5.95,5.95,5.55,5.7,3500,0
SKUMARSYNF,20020314,6.1,6.1,5.5,5.5,204,0
SKUMARSYNF,20020315,5.2,5.6,5.2,5.45,1290,25597
SKUMARSYNF,20020318,5.4,5.9,5.4,5.55,1300,1300
SKUMARSYNF,20020319,5.95,6,5.95,6,500,500
SKUMARSYNF,20020320,5.65,5.85,5.6,5.75,12950,12950
SKUMARSYNF,20020321,5.75,5.85,5.55,5.85,600,600
SKUMARSYNF,20020322,5.5,5.5,5.5,5.5,300,300
SKUMARSYNF,20020326,5.7,5.7,5.5,5.5,1200,1200
SKUMARSYNF,20020327,5.7,5.8,5.35,5.8,2701,2200
SKUMARSYNF,20020328,5.55,5.55,5.4,5.55,210,210
SKUMARSYNF,20020401,5.35,5.8,5.35,5.8,301,200
SKUMARSYNF,20020402,5.5,5.6,5.5,5.55,2200,2200
SKUMARSYNF,20020403,5.45,5.45,5.45,5.45,5,5
SKUMARSYNF,20020404,5.55,5.7,5.55,5.7,601,600
SKUMARSYNF,20020405,5.55,5.75,5.45,5.65,9103,9100
SKUMARSYNF,20020408,6,6.1,5.55,6.05,7612,7609
SKUMARSYNF,20020409,6.5,6.5,5.7,5.95,203,101
SKUMARSYNF,20020410,6.1,6.15,5.6,5.9,3804,3701
SKUMARSYNF,20020411,5.7,6.5,5.7,6.25,3550,3348
SKUMARSYNF,20020412,6.2,6.2,6.2,6.2,1200,1200
SKUMARSYNF,20020415,6.4,6.8,6.05,6.6,1902,1900
SKUMARSYNF,20020416,5.6,6.25,5.6,6.05,6113,0
SKUMARSYNF,20020417,5.6,6.8,5.6,6.15,204,202
SKUMARSYNF,20020418,5.65,6.6,5.65,6.4,1904,1700
SKUMARSYNF,20020419,6.25,6.25,6.1,6.1,1000,1000
SKUMARSYNF,20020422,5.6,6.25,5.6,6,4250,4049
SKUMARSYNF,20020423,5.75,6.25,5.75,6.05,1100,1100
SKUMARSYNF,20020424,5.5,5.5,5.5,5.5,1,0
SKUMARSYNF,20020425,5.75,5.75,5.75,5.75,200,200
SKUMARSYNF,20020426,5.25,6.2,5.25,6.2,3603,2200
SKUMARSYNF,20020429,6,6,6,6,500,500
SKUMARSYNF,20020430,6,6.45,6,6.4,451,450
SKUMARSYNF,20020502,6,6,5.8,5.8,1001,900
SKUMARSYNF,20020503,5.95,6.25,5.95,6,2260,1660
SKUMARSYNF,20020506,6.05,7,6.05,6.6,3701,3600
SKUMARSYNF,20020507,6.35,6.5,6.25,6.25,4040,4040
SKUMARSYNF,20020508,6,6.4,6,6.35,2900,2300
SKUMARSYNF,20020509,6.2,6.8,6.2,6.4,826,825
SKUMARSYNF,20020510,6.5,7.65,6.5,7.05,17755,12576
SKUMARSYNF,20020513,8.4,8.4,7.05,7.15,8706,7896
SKUMARSYNF,20020514,7.9,7.9,6.8,6.95,3204,3200
SKUMARSYNF,20020515,6.8,7.1,6.6,6.65,4926,4425
SKUMARSYNF,20020516,6.5,7,6.3,6.6,1309,1103
SKUMARSYNF,20020517,6.4,6.9,6.4,6.9,200,100
SKUMARSYNF,20020520,7.5,7.5,5.7,6.7,604,501
SKUMARSYNF,20020521,5.6,6.8,5.45,6.35,2233,1600
SKUMARSYNF,20020522,7.55,7.55,5.35,5.9,608,600
SKUMARSYNF,20020523,5.75,6.5,5.75,6.05,155,151
SKUMARSYNF,20020524,7.25,7.25,6.2,6.65,12,5
SKUMARSYNF,20020527,6,6,6,6,50,50
SKUMARSYNF,20020528,6.35,6.35,6.35,6.35,700,700
SKUMARSYNF,20020529,6.85,6.85,6,6,826,800
SKUMARSYNF,20020530,6.4,6.5,6.1,6.4,1900,1800
SKUMARSYNF,20020603,6,7.45,6,7.2,4822,4610
SKUMARSYNF,20020604,7.7,7.7,6.55,6.65,1610,1600
SKUMARSYNF,20020606,7.5,7.5,6.35,6.85,7825,6800
SKUMARSYNF,20020607,6.45,6.55,6.3,6.5,2400,2400
SKUMARSYNF,20020610,6.8,7.2,6.7,6.7,1949,1849
SKUMARSYNF,20020611,6.75,7,6.5,7,8252,6999
SKUMARSYNF,20020612,7.1,7.9,7.1,7.45,7204,6049
SKUMARSYNF,20020613,7.2,7.2,7,7.05,4851,4851
SKUMARSYNF,20020614,7,7.75,7,7.7,6732,6707
SKUMARSYNF,20020617,8.3,9.25,7.95,9.1,35170,24794
SKUMARSYNF,20020618,9.65,9.65,8.4,8.9,17337,15761
SKUMARSYNF,20020619,8.2,9.4,7.75,8.35,25931,24416
SKUMARSYNF,20020620,8.95,9,8.1,8.4,4835,4330
SKUMARSYNF,20020621,8.95,8.95,8.25,8.25,5300,4300
SKUMARSYNF,20020624,8.3,8.3,7.85,8,11606,11606
SKUMARSYNF,20020625,8.05,8.05,7.95,8,567,567
SKUMARSYNF,20020626,8,8.1,7.7,7.7,2845,2645
SKUMARSYNF,20020627,7.35,7.9,7.35,7.9,1450,1250
SKUMARSYNF,20020628,7.65,8,7.65,7.7,2400,2400
SKUMARSYNF,20020701,7.75,9.25,7.75,9.25,24577,22876
SKUMARSYNF,20020702,9,9.4,9,9.25,16345,14845
SKUMARSYNF,20020703,8.25,9.25,8.2,9,11832,10680
SKUMARSYNF,20020704,8.55,9.2,8.5,8.8,16177,12299
SKUMARSYNF,20020705,9,10.5,9,10.2,54879,41148
SKUMARSYNF,20020708,10.5,11.95,10.3,11.75,75231,54150
SKUMARSYNF,20020709,11.25,12,10.3,10.6,64266,55291
SKUMARSYNF,20020710,11,11.4,9.65,9.95,21305,19256
SKUMARSYNF,20020711,8.05,9.7,8.05,9.05,25068,19256
SKUMARSYNF,20020712,9.5,9.65,8.9,9,36950,28300
SKUMARSYNF,20020715,8.95,9.1,7.9,8.25,29118,23348
SKUMARSYNF,20020716,8.4,8.55,6.9,7,89612,84161
SKUMARSYNF,20020717,7.4,7.4,6.95,7,27329,22815
SKUMARSYNF,20020718,7.35,7.65,7.1,7.55,26519,22225
SKUMARSYNF,20020719,7.65,7.65,6.95,7,50418,43875
SKUMARSYNF,20020722,6.95,6.95,6.6,6.7,9855,8030
SKUMARSYNF,20020723,6.85,6.85,6.7,6.85,15545,15245
SKUMARSYNF,20020724,6.85,6.85,6.6,6.7,8930,8930
SKUMARSYNF,20020725,7,7,6.8,6.8,3346,3345
SKUMARSYNF,20020726,6.8,6.85,6.6,6.7,10948,6224
SKUMARSYNF,20020729,6.3,6.4,6.1,6.15,8950,6850
SKUMARSYNF,20020730,6.35,6.55,6.25,6.35,11700,7450
SKUMARSYNF,20020731,6,6.3,5.8,6.3,1950,1750
SKUMARSYNF,20020801,6.25,6.3,6.15,6.3,2401,2400
SKUMARSYNF,20020802,6,6.25,6,6.1,2500,2200
SKUMARSYNF,20020805,6.5,6.6,6.5,6.6,300,300
SKUMARSYNF,20020806,6.5,6.5,6.45,6.45,801,800
SKUMARSYNF,20020807,6.45,6.45,6.2,6.3,4101,3300
SKUMARSYNF,20020808,7.35,7.35,6.3,6.35,910,883
SKUMARSYNF,20020809,6.15,6.35,6.1,6.25,2351,2025
SKUMARSYNF,20020812,6.15,6.4,6.15,6.3,3101,2900
SKUMARSYNF,20020813,7.5,7.5,6,6.1,5102,4000
SKUMARSYNF,20020814,7.3,7.3,6.2,6.45,5732,4510
SKUMARSYNF,20020816,5.9,6.45,5.8,6,16650,13450
SKUMARSYNF,20020819,6.6,6.6,6.1,6.1,4101,4100
SKUMARSYNF,20020820,7.15,7.15,6,6,5941,4020
SKUMARSYNF,20020821,6.45,6.45,5.95,6.05,1652,1600
SKUMARSYNF,20020822,6.35,6.35,5.5,5.55,4102,4100
SKUMARSYNF,20020823,5.3,5.9,5.3,5.7,2520,2034
SKUMARSYNF,20020826,6.1,6.1,5.55,5.85,801,400
SKUMARSYNF,20020827,5.15,5.85,5.15,5.55,3248,2748
SKUMARSYNF,20020828,5.75,5.85,5.45,5.45,49850,48344
SKUMARSYNF,20020829,5.55,5.55,5.5,5.55,2350,2350
SKUMARSYNF,20020830,5.95,5.95,5.6,5.65,2901,2900
SKUMARSYNF,20020902,6.1,6.5,5.75,5.9,10801,10799
SKUMARSYNF,20020903,5.75,5.8,5.75,5.75,1695,1695
SKUMARSYNF,20020904,6.3,6.3,5.55,5.7,3949,3500
SKUMARSYNF,20020906,6.65,6.65,5.5,5.5,1404,1400
SKUMARSYNF,20020909,6.6,6.6,5.4,5.4,2,0
SKUMARSYNF,20020911,5.85,5.85,5.4,5.55,25,22
SKUMARSYNF,20020912,5.85,5.85,5.45,5.45,2,1
SKUMARSYNF,20020913,6.5,6.5,5.25,5.75,1959,1956
SKUMARSYNF,20020916,5.6,5.95,5.6,5.65,1551,1550
SKUMARSYNF,20020917,5.5,5.75,5.5,5.5,801,800
SKUMARSYNF,20020918,6.6,6.6,5.25,5.5,2556,2552
SKUMARSYNF,20020919,5.8,5.8,5.4,5.5,1002,1001
SKUMARSYNF,20020920,5.5,5.65,5.5,5.5,5330,5300
SKUMARSYNF,20020923,5.75,5.75,4.95,5.75,3,0
SKUMARSYNF,20020924,6.9,6.9,4.8,4.9,16404,11900
SKUMARSYNF,20020925,5,5,4.8,5,6099,5550
SKUMARSYNF,20020926,5.85,5.85,5.25,5.3,226,225
SKUMARSYNF,20020927,5.6,5.65,4.8,4.85,18825,0
SKUMARSYNF,20020930,5.7,5.7,4.8,4.8,11626,29345
SKUMARSYNF,20021001,4.6,4.9,4.25,4.3,14388,13386
SKUMARSYNF,20021003,4.15,4.45,4.15,4.45,4275,3575
SKUMARSYNF,20021004,5.3,5.3,4.5,4.5,4067,4066
SKUMARSYNF,20021007,5.2,5.2,4.65,4.65,101,100
SKUMARSYNF,20021008,5.55,5.55,4.75,4.9,3401,2900
SKUMARSYNF,20021009,5.2,5.2,4.8,4.9,503,501
SKUMARSYNF,20021010,4.2,4.75,4.2,4.7,4,2
SKUMARSYNF,20021011,4.65,4.75,4.65,4.7,1500,1500
SKUMARSYNF,20021014,5.6,5.6,4.65,4.7,303,300
SKUMARSYNF,20021016,5,5,4.75,4.9,3859,3857
SKUMARSYNF,20021017,5.25,5.25,4.6,4.6,2803,2800
SKUMARSYNF,20021018,5.35,5.35,4.55,4.65,1206,1106
SKUMARSYNF,20021021,5.3,5.3,4.5,4.6,702,700
SKUMARSYNF,20021022,4.5,4.55,4.25,4.25,3428,3426
SKUMARSYNF,20021023,4.85,4.85,4.25,4.45,1707,1700
SKUMARSYNF,20021024,4.25,4.85,4.25,4.4,601,600
SKUMARSYNF,20021025,4.3,4.6,4.25,4.6,2700,2600
SKUMARSYNF,20021028,4.6,4.6,4.25,4.25,5100,4996
SKUMARSYNF,20021029,4.6,4.6,4.6,4.6,200,200
SKUMARSYNF,20021030,5.2,5.2,4.6,4.6,557,556
SKUMARSYNF,20021101,4.3,4.6,4.3,4.6,2867,0
SKUMARSYNF,20021105,5.15,5.15,4.25,4.5,1053,900
SKUMARSYNF,20021107,5.05,5.05,4.25,4.5,4102,3100
SKUMARSYNF,20021108,4.35,4.35,4.35,4.35,3200,3200
SKUMARSYNF,20021111,4.25,4.7,4.25,4.35,4127,3825
SKUMARSYNF,20021112,5.15,5.15,4.45,4.45,101,100
SKUMARSYNF,20021113,5.25,5.25,4.5,4.55,201,200
SKUMARSYNF,20021114,5,5,4.4,4.4,1003,1001
SKUMARSYNF,20021115,4.5,4.5,4.5,4.5,1100,1100
SKUMARSYNF,20021118,5.4,5.4,4.3,4.4,1701,1700
SKUMARSYNF,20021120,4.75,4.75,4.4,4.5,4501,3500
SKUMARSYNF,20021121,5,5,4.6,4.85,2256,2251
SKUMARSYNF,20021122,4.75,4.9,4.6,4.6,2800,2600
SKUMARSYNF,20021125,4.7,4.8,4.55,4.65,2219,2019
SKUMARSYNF,20021126,4.7,4.8,4.65,4.8,6300,6300
SKUMARSYNF,20021127,5.25,5.25,4.6,4.7,1102,1101
SKUMARSYNF,20021128,4.9,5.1,4.7,4.95,3851,2851
SKUMARSYNF,20021129,5.6,5.6,4.85,5.25,7208,6506
SKUMARSYNF,20021202,5.4,6.1,5.4,5.95,21861,18828
SKUMARSYNF,20021203,7.15,7.15,5.5,5.6,15377,10900
SKUMARSYNF,20021204,5.75,5.75,5.35,5.4,2800,2800
SKUMARSYNF,20021205,5.4,5.4,5.35,5.35,1100,1100
SKUMARSYNF,20021206,5.4,5.4,5.4,5.4,300,300
SKUMARSYNF,20021209,5.2,5.2,5.2,5.2,300,300
SKUMARSYNF,20021210,5.1,5.25,5,5.25,6200,5500
SKUMARSYNF,20021211,5.3,5.3,5,5,1100,1100
SKUMARSYNF,20021212,5.1,5.1,5,5,200,200
SKUMARSYNF,20021213,5,5.15,5,5,4025,0
SKUMARSYNF,20021216,5,5,4.9,5,1200,1200
SKUMARSYNF,20021217,4.85,4.95,4.75,4.8,1900,1900
SKUMARSYNF,20021218,4.75,4.8,4.75,4.8,1305,0
SKUMARSYNF,20021219,4.8,4.8,4.8,4.8,600,600
SKUMARSYNF,20021220,4.7,4.9,4.5,4.55,37025,0
SKUMARSYNF,20021223,4.5,4.65,4.5,4.55,4868,0
SKUMARSYNF,20021224,4.45,4.75,4.45,4.75,2000,2000
SKUMARSYNF,20021226,4.7,4.75,4.7,4.7,4950,0
SKUMARSYNF,20021227,4.6,4.65,4.6,4.65,2895,0
SKUMARSYNF,20021230,4.65,4.65,4.6,4.6,1295,1295
SKUMARSYNF,20021231,4.65,4.9,4.65,4.8,2127,0
SKUMARSYNF,20030101,5,5.05,4.75,4.8,5491,0
SKUMARSYNF,20030102,4.85,4.85,4.65,4.65,10175,9625
SKUMARSYNF,20030103,4.7,4.75,4.6,4.6,9211,0
SKUMARSYNF,20030106,4.4,4.85,4.4,4.65,2400,0
SKUMARSYNF,20030107,4.6,4.6,4.55,4.55,1300,1300
SKUMARSYNF,20030108,4.55,4.7,4.55,4.55,501,0
SKUMARSYNF,20030109,4.8,4.8,4.75,4.75,5,1
SKUMARSYNF,20030110,4.95,4.95,4.5,4.6,3352,0
SKUMARSYNF,20030113,4.6,4.6,4.6,4.6,1000,1000
SKUMARSYNF,20030114,4.6,4.6,4.6,4.6,900,0
SKUMARSYNF,20030115,4.5,4.55,4.5,4.55,2100,2100
SKUMARSYNF,20030116,5.25,5.25,4.65,4.75,6801,6400
SKUMARSYNF,20030117,4.8,4.8,4.15,4.3,61651,52100
SKUMARSYNF,20030120,4.5,4.5,4.35,4.4,4600,4600
SKUMARSYNF,20030121,4.35,4.55,4.35,4.55,9000,8600
SKUMARSYNF,20030122,4.7,4.7,4.45,4.55,1600,1100
SKUMARSYNF,20030123,4.6,4.85,4.3,4.65,13320,0
SKUMARSYNF,20030124,4.6,4.6,4.6,4.6,500,0
SKUMARSYNF,20030127,4.4,4.4,4.3,4.3,2152,0
SKUMARSYNF,20030128,4.5,4.7,4.5,4.5,1500,1500
SKUMARSYNF,20030129,4.7,4.7,4.35,4.35,4500,4500
SKUMARSYNF,20030130,4.25,4.25,4,4,13651,0
SKUMARSYNF,20030131,3.85,4.2,3.85,4.15,2000,0
SKUMARSYNF,20030203,4.15,4.25,4.15,4.15,1100,1100
SKUMARSYNF,20030204,4.3,4.35,4.1,4.25,1405,0
SKUMARSYNF,20030205,4.15,4.15,4.15,4.15,700,0
SKUMARSYNF,20030206,4.15,4.2,4.1,4.2,2050,2050
SKUMARSYNF,20030207,4,4.35,4,4.05,2450,0
SKUMARSYNF,20030210,4.45,4.45,4,4,302,0
SKUMARSYNF,20030211,3.8,4.05,3.8,4.05,900,0
SKUMARSYNF,20030212,4.35,4.35,4,4,3501,0
SKUMARSYNF,20030214,4.05,4.05,3.9,3.9,100,0
SKUMARSYNF,20030217,4,4,3.65,3.65,2100,0
SKUMARSYNF,20030218,4,4.25,4,4,603,0
SKUMARSYNF,20030220,4.05,4.05,4.05,4.05,50,0
SKUMARSYNF,20030221,3.75,4,3.75,3.95,1050,0
SKUMARSYNF,20030224,4.5,4.5,4.05,4.2,14500,0
SKUMARSYNF,20030225,3.9,4,3.9,4,951,0
SKUMARSYNF,20030226,4,4.05,4,4,1101,0
SKUMARSYNF,20030227,4.25,4.25,4.05,4.05,2150,0
SKUMARSYNF,20030228,4.1,4.45,4.1,4.1,2102,0
SKUMARSYNF,20030305,4,4.05,3.95,4.05,2900,0
SKUMARSYNF,20030306,3.75,4,3.75,4,749,0
SKUMARSYNF,20030307,3.75,4.1,3.6,4.1,3800,0
SKUMARSYNF,20030310,3.7,4.3,3.6,3.9,6504,0
SKUMARSYNF,20030311,3.55,3.55,3.4,3.5,1004,0
SKUMARSYNF,20030312,3.55,3.6,3.15,3.2,1853,0
SKUMARSYNF,20030313,3.45,3.45,3.45,3.45,200,0
SKUMARSYNF,20030317,3.6,3.6,3.05,3.15,13550,0
SKUMARSYNF,20030319,3.2,3.25,3.2,3.25,700,0
SKUMARSYNF,20030320,3.45,3.55,3.45,3.55,349,0
SKUMARSYNF,20030321,3.3,3.75,3.25,3.7,1000,0
SKUMARSYNF,20030322,3.6,3.9,3.45,3.45,4102,0
SKUMARSYNF,20030324,3.2,3.3,3.15,3.25,1598,0
SKUMARSYNF,20030325,3.15,3.2,3.15,3.15,1800,0
SKUMARSYNF,20030326,3.25,3.5,3.1,3.15,3500,0
SKUMARSYNF,20030327,3.2,3.35,3.2,3.35,700,0
SKUMARSYNF,20030328,3.25,3.25,3.15,3.15,1300,0
SKUMARSYNF,20030331,3.2,3.2,3.05,3.05,3798,0
SKUMARSYNF,20030401,3.3,3.3,3.1,3.2,1101,0
SKUMARSYNF,20030402,3.7,3.7,3.1,3.1,501,0
SKUMARSYNF,20030403,3.1,3.3,3.1,3.3,1200,0
SKUMARSYNF,20030404,3.35,3.35,3.25,3.25,849,0
SKUMARSYNF,20030407,3.5,3.9,3.35,3.35,6400,0
SKUMARSYNF,20030408,3.35,3.85,3.25,3.7,1299,0
SKUMARSYNF,20030409,3.35,3.4,3.3,3.4,1050,0
SKUMARSYNF,20030410,3.25,3.25,3.25,3.25,1000,0
SKUMARSYNF,20030411,3.25,3.25,3.2,3.25,250,0
SKUMARSYNF,20030416,3.2,3.5,3.2,3.5,200,0
SKUMARSYNF,20030417,3.25,3.25,3.25,3.25,3100,0
SKUMARSYNF,20030421,3.6,3.85,3.6,3.7,1312,0
SKUMARSYNF,20030422,3.5,4.05,3.5,3.9,2202,0
SKUMARSYNF,20030423,3.75,3.75,3.7,3.7,1150,0
SKUMARSYNF,20030424,3.45,3.45,3.4,3.4,1688,0
SKUMARSYNF,20030425,3.5,3.75,3.5,3.75,2351,0
SKUMARSYNF,20030428,3.75,3.75,3.7,3.7,2,0
SKUMARSYNF,20030429,3.15,3.3,3.15,3.3,300,0
SKUMARSYNF,20030502,3.65,3.65,3.45,3.45,2000,0
SKUMARSYNF,20030506,3.5,3.5,3.5,3.5,300,0
SKUMARSYNF,20030507,4.2,4.2,3.65,3.65,15,0
SKUMARSYNF,20030508,4.4,4.4,3.35,3.35,110,0
SKUMARSYNF,20030509,3.2,3.25,3.1,3.25,2400,0
SKUMARSYNF,20030512,3.6,3.65,3.5,3.6,1000,0
SKUMARSYNF,20030513,4.3,4.35,2.9,4.35,15457,0
SKUMARSYNF,20030514,4.9,5.15,4.45,4.8,24192,0
SKUMARSYNF,20030515,4.95,5.6,4.5,5.15,45749,0
SKUMARSYNF,20030516,5.1,5.65,4.9,5.3,22601,0
SKUMARSYNF,20030519,5.4,5.4,4.9,5.1,6001,0
SKUMARSYNF,20030520,5.2,5.5,4.25,5,6242,0
SKUMARSYNF,20030521,5.1,5.1,4.55,4.8,9839,0
SKUMARSYNF,20030522,5.15,5.15,4.5,4.8,2802,0
SKUMARSYNF,20030523,4.75,4.85,4.7,4.8,7693,0
SKUMARSYNF,20030526,4.85,5.75,4.75,5.4,27854,0
SKUMARSYNF,20030527,5.4,5.4,5.1,5.1,5098,0
SKUMARSYNF,20030528,5,5.4,5,5.25,18082,0
SKUMARSYNF,20030529,6.25,6.25,4.75,5.15,2758,0
SKUMARSYNF,20030530,5.1,5.3,5.1,5.1,5710,0
SKUMARSYNF,20030602,5,5.4,5,5.05,4753,0
SKUMARSYNF,20030603,5.1,5.2,5,5.1,14955,0
SKUMARSYNF,20030604,5.35,5.8,5.1,5.4,19390,0
SKUMARSYNF,20030605,6.45,6.45,5.2,5.3,11441,0
SKUMARSYNF,20030606,5.9,5.9,5.15,5.3,16405,0
SKUMARSYNF,20030609,6.25,6.25,5.15,5.5,15775,0
SKUMARSYNF,20030610,6.25,6.25,5.15,5.35,17710,0
SKUMARSYNF,20030611,6.05,6.05,5.2,5.6,5812,0
SKUMARSYNF,20030612,5.75,6,5.5,5.5,13012,0
SKUMARSYNF,20030613,5.15,5.75,5.05,5.25,16824,0
SKUMARSYNF,20030616,6.3,6.3,4.5,5.2,13477,0
SKUMARSYNF,20030617,6,6,5.15,5.3,8808,0
SKUMARSYNF,20030618,5.1,5.45,4.9,5.3,16573,0
SKUMARSYNF,20030619,4.75,5.6,4.75,5.35,12004,0
SKUMARSYNF,20030620,5.7,5.7,5.1,5.15,7704,0
SKUMARSYNF,20030623,6,6.2,5.3,6,70202,58575
SKUMARSYNF,20030624,5.5,6.6,5.5,5.95,15627,0
SKUMARSYNF,20030625,6.2,6.25,5.8,6.1,12025,10886
SKUMARSYNF,20030626,6.15,6.15,5.8,5.85,12083,11083
SKUMARSYNF,20030627,6.2,6.2,5.75,5.9,9052,8850
SKUMARSYNF,20030630,6,6.1,5.4,6,12150,11250
SKUMARSYNF,20030701,5.65,6.2,5.65,5.95,13188,9336
SKUMARSYNF,20030702,6.2,7.15,6.2,7.15,96985,0
SKUMARSYNF,20030703,8,8,6.7,6.95,90982,0
SKUMARSYNF,20030704,7.15,7.7,7.1,7.45,50243,38754
SKUMARSYNF,20030707,7.7,8.1,7.5,7.85,51948,47920
SKUMARSYNF,20030708,8.45,8.45,8.05,8.15,47515,0
SKUMARSYNF,20030709,8.15,8.15,7.3,7.55,41604,39627
SKUMARSYNF,20030710,7.3,7.5,6.75,6.9,22587,16959
SKUMARSYNF,20030711,6.55,7.2,6.5,6.7,9593,6193
SKUMARSYNF,20030714,6.95,7,6.65,6.75,18371,11695
SKUMARSYNF,20030715,6.65,6.65,6.2,6.3,5996,5613
SKUMARSYNF,20030716,6.3,6.8,6.2,6.55,9902,9200
SKUMARSYNF,20030717,6.85,6.9,6.35,6.5,14543,11840
SKUMARSYNF,20030718,7,7,6.5,6.55,9179,6974
SKUMARSYNF,20030721,6.95,7,6.6,6.7,10376,9875
SKUMARSYNF,20030722,6.9,6.9,6.1,6.2,13082,12255
SKUMARSYNF,20030723,6.45,6.5,6.25,6.4,6156,5702
SKUMARSYNF,20030724,6.2,6.5,5.75,6.5,19077,17550
SKUMARSYNF,20030725,6.45,6.75,6.35,6.6,3574,0
SKUMARSYNF,20030728,6.5,7,6.5,6.75,12199,11499
SKUMARSYNF,20030729,6.75,6.75,6.45,6.55,3352,0
SKUMARSYNF,20030730,7,7.1,6.7,7.05,16159,14152
SKUMARSYNF,20030731,6.9,7.15,6.75,6.75,10001,10001
SKUMARSYNF,20030801,7.1,7.1,6.4,6.75,17902,13401
SKUMARSYNF,20030804,6.8,7.7,6.8,7.35,31380,30372
SKUMARSYNF,20030805,8.45,8.45,6.75,7,35110,25088
SKUMARSYNF,20030806,7.2,7.3,7.05,7.25,5310,5306
SKUMARSYNF,20030807,6.95,7.35,6.95,7.05,10047,9202
SKUMARSYNF,20030808,7,7.15,6.9,6.9,4976,4876
SKUMARSYNF,20030811,6.7,7.2,6.7,6.9,9850,9400
SKUMARSYNF,20030812,7,7.05,6.9,7,5819,5319
SKUMARSYNF,20030813,7,7.3,6.8,7.15,18650,13249
SKUMARSYNF,20030814,7.15,7.8,6.9,7.55,24389,0
SKUMARSYNF,20030818,7.7,9.05,7.7,8.75,78161,65027
SKUMARSYNF,20030819,8.5,9.05,8,8.4,32875,27973
SKUMARSYNF,20030820,8.25,8.8,8,8.15,23678,21827
SKUMARSYNF,20030821,8.2,8.5,8.05,8.05,16057,15757
SKUMARSYNF,20030822,8,8,7.55,7.6,13222,13222
SKUMARSYNF,20030825,7.5,7.5,6.7,7.3,9751,9151
SKUMARSYNF,20030826,7.05,7.65,7,7.6,8353,0
SKUMARSYNF,20030827,7.5,7.5,7.35,7.4,3801,3500
SKUMARSYNF,20030828,7.2,7.7,7,7.25,9500,7900
SKUMARSYNF,20030829,7.15,7.15,6.9,7.1,8816,8716
SKUMARSYNF,20030901,7.15,8.4,7.15,8.1,75251,68851
SKUMARSYNF,20030902,9.35,9.35,7.85,8,59691,42661
SKUMARSYNF,20030903,8.95,8.95,7.3,7.4,16319,14402
SKUMARSYNF,20030904,7.25,7.5,7.1,7.25,10501,9099
SKUMARSYNF,20030905,7.2,7.5,6.9,6.95,48797,44502
SKUMARSYNF,20030908,7.1,7.2,6.7,6.75,12101,9650
SKUMARSYNF,20030909,6.15,6.55,5.9,6,36799,36498
SKUMARSYNF,20030918,5.35,5.35,4.8,4.8,500,0
SKUMARSYNF,20030919,5.5,5.5,5.5,5.5,10,0
SKUMARSYNF,20030922,4.85,4.85,4.85,4.85,990,0
SKUMARSYNF,20030925,5.05,5.05,5.05,5.05,1000,0
SKUMARSYNF,20030930,4.6,4.65,4.55,4.65,1800,0
SKUMARSYNF,20031003,4.65,5,4.65,5,4149,0
SKUMARSYNF,20031006,5.4,5.4,5,5,3000,0
SKUMARSYNF,20031007,4.75,5.05,4.7,5.05,5100,0
SKUMARSYNF,20031008,4.85,4.85,4.85,4.85,400,0
SKUMARSYNF,20031009,4.9,5.05,4.9,5.05,3000,0
SKUMARSYNF,20031010,5.05,5.05,4.85,4.85,1200,0
SKUMARSYNF,20031013,5,5,5,5,2600,0
SKUMARSYNF,20031014,4.65,5,4.65,5,500,0
SKUMARSYNF,20031015,4.75,4.75,4.2,4.5,1150,0
SKUMARSYNF,20031016,4.8,4.85,4.8,4.85,7641,0
SKUMARSYNF,20031017,4.5,4.5,4.5,4.5,100,0
SKUMARSYNF,20031020,4.4,5.4,4.3,4.5,8300,0
SKUMARSYNF,20031021,4.4,4.5,4.4,4.45,200,0
SKUMARSYNF,20031022,4.05,4.2,4.05,4.2,2141,0
SKUMARSYNF,20031023,4.4,4.85,4.05,4.2,8201,0
SKUMARSYNF,20031024,4.3,4.3,4.1,4.1,6500,0
SKUMARSYNF,20031025,4.05,4.05,4.05,4.05,400,0
SKUMARSYNF,20031027,4.85,4.85,4.65,4.65,900,0
SKUMARSYNF,20031028,4.5,4.5,4.2,4.2,2350,0
SKUMARSYNF,20031030,4.3,4.3,4.25,4.25,1600,0
SKUMARSYNF,20031031,4,4.1,4,4,1800,0
SKUMARSYNF,20031103,4,4.1,4,4.1,2590,0
SKUMARSYNF,20031104,3.8,4.1,3.8,3.85,2600,0
SKUMARSYNF,20031105,4.15,4.5,4.15,4.5,1400,0
SKUMARSYNF,20031106,4.5,4.5,4.25,4.5,400,0
SKUMARSYNF,20031107,4.8,5,4.55,5,2100,0
SKUMARSYNF,20031111,5,5.25,5,5.2,2000,0
SKUMARSYNF,20031112,5.15,5.85,5,5.45,7955,0
SKUMARSYNF,20031113,5.55,5.85,5.55,5.55,2674,0
SKUMARSYNF,20031114,5.4,5.4,5.2,5.2,10750,0
SKUMARSYNF,20031117,5.7,5.8,5.55,5.8,1601,0
SKUMARSYNF,20031118,6.4,6.65,6.2,6.65,23000,0
SKUMARSYNF,20031119,7.65,7.65,5.9,6,6203,0
SKUMARSYNF,20031120,6.2,6.2,5.8,5.8,4575,0
SKUMARSYNF,20031121,6,6,5.7,5.7,3000,0
SKUMARSYNF,20031124,6,6.25,5.95,5.95,7200,0
SKUMARSYNF,20031125,5.9,6.15,5.9,5.95,9700,0
SKUMARSYNF,20031127,6,6.9,6,6.85,16452,0
SKUMARSYNF,20031128,7,8,7,7.6,38000,0
SKUMARSYNF,20031201,7.7,8,7.55,8,21450,0
SKUMARSYNF,20031202,7.05,7.9,7.05,7.25,13525,0
SKUMARSYNF,20031203,7.05,7.4,7.05,7.15,11600,0
SKUMARSYNF,20031205,7.95,8,6.95,7.6,18400,0
SKUMARSYNF,20031208,8,9.15,7.95,9.15,68415,0
SKUMARSYNF,20031209,10,11,10,11,110952,0
SKUMARSYNF,20031210,11.8,12.4,10.2,10.3,104535,0
SKUMARSYNF,20031211,10.5,11.8,10.5,10.55,57775,0
SKUMARSYNF,20031212,10.5,10.6,9.6,9.7,14493,0
SKUMARSYNF,20031215,9.5,10.1,9.5,9.7,30850,0
SKUMARSYNF,20031216,9.1,9.8,9.1,9.5,17400,0
SKUMARSYNF,20031217,8.85,10.05,8.85,9.4,21852,0
SKUMARSYNF,20031218,10,11.3,9.9,10.05,112609,0
SKUMARSYNF,20031219,11.35,11.35,9.8,10,127650,0
SKUMARSYNF,20031222,10,10.55,9.8,9.85,65090,0
SKUMARSYNF,20031223,11.8,11.8,9.85,10,53950,0
SKUMARSYNF,20031224,10.85,10.9,9.5,9.95,161025,0
SKUMARSYNF,20031226,10.3,11.95,10,11.2,137000,0
SKUMARSYNF,20031229,11.75,12.8,11,11.2,290960,0
SKUMARSYNF,20031230,12.5,12.5,10.8,10.95,89405,0
SKUMARSYNF,20031231,12.1,12.1,9.95,10,112351,0
SKUMARSYNF,20040101,11.7,11.7,9.9,10,60768,0
SKUMARSYNF,20040102,10.9,10.9,9.5,9.9,46976,0
SKUMARSYNF,20040105,11.1,11.1,9.1,9.35,42183,0
SKUMARSYNF,20040106,11.1,11.1,9,9.05,23992,0
SKUMARSYNF,20040107,10.65,10.65,8.3,8.65,26160,0
SKUMARSYNF,20040108,9.5,9.9,8.95,9.6,36416,0
SKUMARSYNF,20040109,11.5,11.5,8.65,8.85,24106,0
SKUMARSYNF,20040112,10.2,10.2,8.75,8.85,9472,0
SKUMARSYNF,20040113,9.35,9.35,8.35,8.9,11708,0
SKUMARSYNF,20040114,10.4,10.4,8.25,8.45,17911,0
SKUMARSYNF,20040115,8.35,8.5,7.9,8,26649,0
SKUMARSYNF,20040116,9.6,9.6,7.85,8.25,6515,0
SKUMARSYNF,20040119,9.7,9.7,6.85,7.45,13954,0
SKUMARSYNF,20040120,7.5,8,7.25,7.45,5109,0
SKUMARSYNF,20040121,7,7.75,6.8,6.85,13802,0
SKUMARSYNF,20040122,8.05,8.05,6.6,6.95,5816,0
SKUMARSYNF,20040123,6.1,7.5,6.1,6.75,18832,0
SKUMARSYNF,20040127,7.8,7.8,6.75,7.4,5207,0
SKUMARSYNF,20040128,8.45,8.45,6.9,7,7975,0
SKUMARSYNF,20040129,8,8,6.6,6.75,6502,0
SKUMARSYNF,20040130,8,8,6.3,6.45,9154,0
SKUMARSYNF,20040203,7.7,7.7,5.8,6.05,20716,0
SKUMARSYNF,20040204,7,7,5.85,6,7307,0
SKUMARSYNF,20040205,6.5,6.5,5.7,5.7,11151,0
SKUMARSYNF,20040206,6.75,6.75,5.4,5.55,15007,0
SKUMARSYNF,20040209,6.45,6.45,5,5,70153,0
SKUMARSYNF,20040210,5.95,5.95,4.95,5,34655,0
SKUMARSYNF,20040211,5.3,5.3,4.9,5,31908,0
SKUMARSYNF,20040212,5,5.1,4.9,5,9701,0
SKUMARSYNF,20040213,6,6,4.95,5,19799,0
SKUMARSYNF,20040216,5.05,5.2,5,5.05,15751,0
SKUMARSYNF,20040217,6.05,6.05,4.95,5,8101,0
SKUMARSYNF,20040218,6,6,4.8,5.1,6863,0
SKUMARSYNF,20040219,6.1,6.1,4.9,5.05,3503,0
SKUMARSYNF,20040220,6.05,6.05,4.5,5,7503,0
SKUMARSYNF,20040223,4.45,5.8,4.45,4.6,11406,0
SKUMARSYNF,20040224,5.4,5.4,3.85,5.1,2306,0
SKUMARSYNF,20040225,6.1,6.1,4.6,4.7,5352,0
SKUMARSYNF,20040226,5.6,5.6,4.75,5,4204,0
SKUMARSYNF,20040227,6,6,4.65,4.9,10637,0
SKUMARSYNF,20040301,5.75,5.75,5.15,5.15,2,0
SKUMARSYNF,20040303,4.85,5,4.85,4.95,3500,0
SKUMARSYNF,20040304,5.9,5.9,4.9,5.15,21215,0
SKUMARSYNF,20040305,5.85,5.85,4.9,4.9,8399,0
SKUMARSYNF,20040308,5.45,5.45,4.9,4.9,9316,0
SKUMARSYNF,20040309,5.3,5.8,5,5,26880,0
SKUMARSYNF,20040310,6,6,4.75,4.95,31916,0
SKUMARSYNF,20040311,5.85,5.85,4.65,4.75,14906,0
SKUMARSYNF,20040312,5.5,5.5,4.65,5.1,9807,0
SKUMARSYNF,20040315,5,5.2,4.1,4.6,10771,0
SKUMARSYNF,20040316,5.4,5.4,4.75,4.75,3211,0
SKUMARSYNF,20040317,5.65,5.65,4.35,4.4,11062,0
SKUMARSYNF,20040318,4.95,4.95,4.15,4.25,11754,0
SKUMARSYNF,20040319,4.8,4.8,4.15,4.25,4587,0
SKUMARSYNF,20040322,4,4.55,4,4.2,10917,0
SKUMARSYNF,20040323,3.8,4.55,3.8,4.4,1609,0
SKUMARSYNF,20040324,3.6,4.35,3.6,4.3,6303,0
SKUMARSYNF,20040325,5.1,5.1,4.05,4.1,10795,0
SKUMARSYNF,20040326,4.9,4.9,3.55,4.6,35703,0
SKUMARSYNF,20040329,3.75,4.7,3.75,4.45,29001,0
SKUMARSYNF,20040330,5.35,5.35,4.15,4.6,4508,0
SKUMARSYNF,20040331,5.5,5.5,4.05,4.35,14306,0
SKUMARSYNF,20040401,4.9,4.9,4.6,4.6,1801,0
SKUMARSYNF,20040402,4.95,5.5,4.6,5.1,11436,0
SKUMARSYNF,20040405,6.1,6.1,5.35,5.55,21244,0
SKUMARSYNF,20040406,6.45,6.45,5.2,5.2,10149,0
SKUMARSYNF,20040407,6.2,6.2,5.45,5.5,1503,0
SKUMARSYNF,20040408,6.4,6.4,5.1,5.2,4699,0
SKUMARSYNF,20040412,6.2,6.2,5.05,5.1,10851,0
SKUMARSYNF,20040413,5.7,5.7,4.75,5.3,3304,0
SKUMARSYNF,20040415,6.2,6.2,5.3,5.3,2503,0
SKUMARSYNF,20040416,5.9,5.9,5.1,5.25,3276,0
SKUMARSYNF,20040417,4.75,6,4.75,5.75,14301,0
SKUMARSYNF,20040419,5.95,5.95,5.6,5.6,850,0
SKUMARSYNF,20040420,6.25,6.25,5.3,5.3,1713,0
SKUMARSYNF,20040421,5.3,5.85,5.3,5.55,13128,0
SKUMARSYNF,20040422,5.7,5.75,5.5,5.75,5001,0
SKUMARSYNF,20040423,6.1,6.1,5.55,5.55,8053,0
SKUMARSYNF,20040427,6.65,6.65,5.15,5.2,7002,0
SKUMARSYNF,20040428,5.2,6,5.2,5.35,20002,0
SKUMARSYNF,20040429,5.5,5.75,5.1,5.25,2406,0
SKUMARSYNF,20040430,5.75,5.75,4.95,5.2,13458,0
SKUMARSYNF,20040503,4.3,5.8,4.3,4.9,10428,0
SKUMARSYNF,20040504,5.3,5.3,4.8,4.85,4783,0
SKUMARSYNF,20040505,5.25,5.25,4.8,4.85,3801,0
SKUMARSYNF,20040506,4.6,5.1,4.6,4.9,7200,0
SKUMARSYNF,20040507,5.05,5.45,5.05,5.25,24070,0
SKUMARSYNF,20040510,4.85,5.6,4.85,5.25,22711,0
SKUMARSYNF,20040511,5.85,5.85,4.95,5,13301,0
SKUMARSYNF,20040512,5.45,5.45,4.95,5,8405,0
SKUMARSYNF,20040513,4.1,5.4,4.1,5.15,4003,0
SKUMARSYNF,20040514,6.15,6.15,4.8,4.85,17504,0
SKUMARSYNF,20040517,4,5.4,4,4.35,23,0
SKUMARSYNF,20040518,3.85,5,3.85,4.3,17591,0
SKUMARSYNF,20040519,5.15,5.15,4.2,4.25,62590,0
SKUMARSYNF,20040520,5,5,4.45,4.5,9523,0
SKUMARSYNF,20040521,5.35,5.35,4.1,4.6,811,0
SKUMARSYNF,20040524,5.2,5.2,4.35,4.8,11954,0
SKUMARSYNF,20040525,5.6,5.6,4.25,5.2,2840,0
SKUMARSYNF,20040526,6.2,6.2,4.55,4.7,15868,0
SKUMARSYNF,20040527,5.6,5.6,4.6,4.8,7936,0
SKUMARSYNF,20040528,5.6,5.6,4.45,4.5,7463,0
SKUMARSYNF,20040531,5.35,5.35,4.3,4.35,5068,5066
SKUMARSYNF,20040601,4.3,4.9,4.25,4.75,1705,900
SKUMARSYNF,20040602,5.5,5.5,4.45,4.65,11371,0
SKUMARSYNF,20040603,4.25,4.7,4.25,4.45,5109,0
SKUMARSYNF,20040604,5.25,5.25,4.3,4.3,2,0
SKUMARSYNF,20040607,4.65,5,4.55,4.9,13882,10751
SKUMARSYNF,20040608,5.2,5.2,4.65,4.75,6333,4829
SKUMARSYNF,20040609,5.6,5.6,4.6,4.75,3513,0
SKUMARSYNF,20040610,5.55,5.55,4.7,5,8659,7753
SKUMARSYNF,20040611,5,5.45,4.7,4.8,23473,20385
SKUMARSYNF,20040614,5.7,5.7,4.6,4.8,5463,5454
SKUMARSYNF,20040615,5.5,5.5,4.65,4.8,10849,6504
SKUMARSYNF,20040616,4.7,4.95,4.7,4.7,403,0
SKUMARSYNF,20040617,5.6,5.6,4.65,4.8,2858,2652
SKUMARSYNF,20040618,5.5,5.5,4.55,4.75,6861,6799
SKUMARSYNF,20040621,4.6,4.8,4.6,4.6,7000,0
SKUMARSYNF,20040622,5.35,5.35,4.65,4.65,352,350
SKUMARSYNF,20040623,5.25,5.25,4.4,4.6,11705,11701
SKUMARSYNF,20040624,5,5,4.15,4.4,3215,0
SKUMARSYNF,20040625,4.95,4.95,4.3,4.4,2874,2285
SKUMARSYNF,20040628,5.1,5.3,4.65,5,6604,6051
SKUMARSYNF,20040629,6,6,4.8,5.05,11468,0
SKUMARSYNF,20040630,6,6,5.15,5.35,24023,0
SKUMARSYNF,20040701,6.35,6.35,5,5.15,5805,0
SKUMARSYNF,20040702,5.7,5.8,5.25,5.25,17736,0
SKUMARSYNF,20040705,6,6,5.05,5.15,11223,0
SKUMARSYNF,20040706,6.15,6.15,4.75,5.15,10840,0
SKUMARSYNF,20040707,5.75,5.75,4.9,5.05,4853,0
SKUMARSYNF,20040708,5,5.35,4.75,4.95,10151,0
SKUMARSYNF,20040709,5.4,5.4,4.7,5.15,17926,0
SKUMARSYNF,20040712,4.2,5.5,4.2,5.4,10401,0
SKUMARSYNF,20040713,5.35,5.45,5.1,5.1,2056,0
SKUMARSYNF,20040714,5.15,5.35,5.1,5.15,10100,0
SKUMARSYNF,20040715,5.45,6.2,5.2,6.2,83483,0
SKUMARSYNF,20040716,5.8,6.5,5.7,6,63056,0
SKUMARSYNF,20040719,6.9,6.9,5.75,5.95,34653,0
SKUMARSYNF,20040720,6,6.3,5.75,5.8,31900,0
SKUMARSYNF,20040721,6,6.05,5.85,5.9,6376,0
SKUMARSYNF,20040722,6,6.35,5.2,5.75,12605,0
SKUMARSYNF,20040723,5.65,5.9,5.4,5.5,17250,0
SKUMARSYNF,20040726,5.7,6,5.5,5.8,17213,0
SKUMARSYNF,20040727,5.65,5.65,5.5,5.5,7301,0
SKUMARSYNF,20040728,5.5,5.7,5.5,5.5,5400,0
SKUMARSYNF,20040729,5.2,5.55,5.1,5.45,57777,0
SKUMARSYNF,20040730,5.25,5.45,5.1,5.15,34951,0
SKUMARSYNF,20040802,5.15,5.15,5,5,19802,0
SKUMARSYNF,20040803,4.85,5.1,4.8,5,17489,0
SKUMARSYNF,20040804,4.9,5.05,4.85,5,6000,0
SKUMARSYNF,20040805,4.9,5.05,4.9,5.05,12500,0
SKUMARSYNF,20040806,4.95,5.5,4.95,5.4,31838,0
SKUMARSYNF,20040809,5.85,5.85,5.2,5.3,32904,0
SKUMARSYNF,20040810,5.4,5.7,5.2,5.55,28491,0
SKUMARSYNF,20040811,6.2,6.2,5.2,5.2,22454,0
SKUMARSYNF,20040812,5.1,5.2,5,5.1,13230,0
SKUMARSYNF,20040813,5.2,5.2,5,5.15,6951,0
SKUMARSYNF,20040816,5.15,5.15,5.15,5.15,1400,0
SKUMARSYNF,20040817,5.05,5.25,5,5.05,17300,0
SKUMARSYNF,20040818,5.4,5.4,5,5.1,19251,0
SKUMARSYNF,20040819,5.6,5.6,4.95,5.1,41205,0
SKUMARSYNF,20040820,5.15,5.35,5,5.05,45693,0
SKUMARSYNF,20040823,5.3,5.3,5.05,5.15,17682,0
SKUMARSYNF,20040824,5.3,5.3,5,5.1,7461,0
SKUMARSYNF,20040825,5.25,5.25,5,5,6104,0
SKUMARSYNF,20040826,4.95,5.1,4.9,5.05,21515,0
SKUMARSYNF,20040827,5.2,5.25,5,5.05,13022,0
SKUMARSYNF,20040830,5.2,6.1,5.15,6,117785,0
SKUMARSYNF,20040831,6.9,6.9,6.2,6.3,260648,0
SKUMARSYNF,20040901,6.7,6.75,6.3,6.6,194686,0
SKUMARSYNF,20040902,6.45,7.75,6.35,7.15,400401,0
SKUMARSYNF,20040903,7.6,7.65,6.85,6.95,140519,0
SKUMARSYNF,20040906,7.05,7.5,7,7.05,129475,0
SKUMARSYNF,20040907,7.3,7.4,6.85,6.9,108894,0
SKUMARSYNF,20040908,7,7,6.7,6.75,75846,0
SKUMARSYNF,20040909,6.95,6.95,6.1,6.4,100893,85769
SKUMARSYNF,20040910,6.4,6.65,6,6.55,54103,41789
SKUMARSYNF,20040913,6.65,6.8,6.35,6.45,64431,56686
SKUMARSYNF,20040914,6.65,6.7,6.2,6.45,48362,36343
SKUMARSYNF,20040915,6.5,6.5,6.3,6.35,40996,29794
SKUMARSYNF,20040916,6.25,6.25,6,6.15,62229,46406
SKUMARSYNF,20040917,6.4,6.75,6,6.5,96338,64254
SKUMARSYNF,20040920,6.5,6.7,6.3,6.4,35090,0
SKUMARSYNF,20040921,6.5,6.5,6,6.3,61221,42160
SKUMARSYNF,20040922,6.25,6.3,6,6.2,88928,59577
SKUMARSYNF,20040923,6.15,6.25,6.05,6.1,67135,0
SKUMARSYNF,20040924,6.2,7.35,6.2,7.15,414499,0
SKUMARSYNF,20040927,7.4,7.55,6.95,7.2,209677,0
SKUMARSYNF,20040928,7.25,7.55,7,7.1,139518,0
SKUMARSYNF,20040929,7.25,7.4,6.85,7.05,149906,117686
SKUMARSYNF,20040930,7.35,7.65,7,7.1,175812,107109
SKUMARSYNF,20041001,7.25,7.3,6.95,7.1,99326,0
SKUMARSYNF,20041004,7.5,7.5,6.95,7.05,155247,110883
SKUMARSYNF,20041005,7.15,7.2,6.85,6.9,67080,0
SKUMARSYNF,20041006,7.35,7.35,6.75,6.8,53141,0
SKUMARSYNF,20041007,6,7.6,6,6.95,47059,34399
SKUMARSYNF,20041008,6.95,7,6.8,6.95,30851,0
SKUMARSYNF,20041009,7,7.25,6.85,7.05,57454,0
SKUMARSYNF,20041011,6.85,7.2,6.8,6.85,156663,118647
SKUMARSYNF,20041012,7.05,7.1,6.65,6.75,33553,0
SKUMARSYNF,20041014,6.55,6.85,6.5,6.65,24750,21100
SKUMARSYNF,20041015,6.65,6.9,6.6,6.75,18800,13900
SKUMARSYNF,20041018,6.85,6.9,6.7,6.7,32272,0
SKUMARSYNF,20041019,6.75,6.75,6.35,6.55,45257,0
SKUMARSYNF,20041020,6.7,6.7,6.3,6.35,36100,32559
SKUMARSYNF,20041021,6.55,6.55,6.3,6.3,24520,0
SKUMARSYNF,20041025,6.25,6.5,6.25,6.5,16100,11000
SKUMARSYNF,20041026,6.5,6.5,6.35,6.5,29651,0
SKUMARSYNF,20041027,6.05,6.5,6.05,6.45,16000,13000
SKUMARSYNF,20041028,6.5,6.5,6.35,6.35,6937,5636
SKUMARSYNF,20041029,6.25,6.5,6.05,6.3,19189,0
SKUMARSYNF,20041101,6.45,6.45,6.15,6.3,13050,0
SKUMARSYNF,20041102,6.35,7.6,6.35,7.6,164781,0
SKUMARSYNF,20041103,8.05,9.15,7.9,8.6,929753,604408
SKUMARSYNF,20041104,8.8,9.2,8.3,8.4,350967,252411
SKUMARSYNF,20041105,8.4,8.6,8.05,8.15,118607,70485
SKUMARSYNF,20041108,8.2,9.35,8.15,8.6,272575,143571
SKUMARSYNF,20041109,8.95,8.95,8.35,8.4,179375,106367
SKUMARSYNF,20041110,8.6,9.1,8.55,8.9,290408,0
SKUMARSYNF,20041111,9,9.1,8.5,8.7,204263,102810
SKUMARSYNF,20041112,9.45,9.45,8.75,8.95,52049,46672
SKUMARSYNF,20041116,9.15,10.75,9.1,10.75,942157,0
SKUMARSYNF,20041117,11.7,12.9,11.1,12.9,1186223,0
SKUMARSYNF,20041118,13.75,13.9,12.4,12.5,1340526,845512
SKUMARSYNF,20041119,12.7,12.7,11.25,11.25,707883,504252
SKUMARSYNF,20041122,10.55,12.4,10.55,12.3,632517,272406
SKUMARSYNF,20041123,12.5,12.7,11.85,12,451183,0
SKUMARSYNF,20041124,12.25,12.5,11.8,11.95,269874,0
SKUMARSYNF,20041125,12.15,12.45,11.7,11.8,395498,0
SKUMARSYNF,20041129,12.35,13,12.25,12.5,696695,478947
SKUMARSYNF,20041130,12.85,12.85,11.75,11.9,302636,219132
SKUMARSYNF,20041201,12.35,12.35,10.9,11.05,360378,253388
SKUMARSYNF,20041202,11.3,11.7,10.9,11,286208,0
SKUMARSYNF,20041203,11.45,12.1,10.8,12.1,754290,0
SKUMARSYNF,20041206,13.25,13.35,12,12.15,470932,0
SKUMARSYNF,20041207,12.6,12.8,11.75,11.95,247066,0
SKUMARSYNF,20041208,12,12.45,10.9,11.15,235286,0
SKUMARSYNF,20041209,11.55,11.9,10.9,11,229715,0
SKUMARSYNF,20041210,11.5,11.5,10.5,10.75,251007,0
SKUMARSYNF,20041213,10.9,11.4,10.65,10.8,204861,0
SKUMARSYNF,20041214,10.95,11.25,10.7,10.95,192962,0
SKUMARSYNF,20041215,11.4,11.4,10.5,10.6,383864,0
SKUMARSYNF,20041216,10.9,10.95,10.45,10.5,176068,0
SKUMARSYNF,20041217,11.25,11.25,10.3,10.45,171218,0
SKUMARSYNF,20041220,10.6,10.85,10.2,10.25,143397,0
SKUMARSYNF,20041221,10.65,11.3,10.25,10.65,347072,0
SKUMARSYNF,20041222,11.2,11.35,10.45,10.5,360661,0
SKUMARSYNF,20041223,10.85,11.15,10.6,10.7,339202,0
SKUMARSYNF,20041224,10.95,11.2,10.4,10.55,331150,0
SKUMARSYNF,20041227,10.6,11.65,10.45,11.65,544323,0
SKUMARSYNF,20041228,12.5,12.85,12.2,12.85,802864,0
SKUMARSYNF,20041229,13.5,13.5,12.8,13.5,1039339,0
SKUMARSYNF,20041230,14.1,14.2,13.6,14.2,1050755,0
SKUMARSYNF,20041231,14.8,14.95,14.2,14.95,957299,0
SKUMARSYNF,20050103,15.7,15.7,15.7,15.7,122151,0
SKUMARSYNF,20050104,16.5,16.5,16.5,16.5,122076,0
SKUMARSYNF,20050105,17.35,17.35,15.7,17.35,1388285,0
SKUMARSYNF,20050106,17.8,18.25,16.5,18,994564,0
SKUMARSYNF,20050107,18.7,18.7,17.3,18,497307,0
SKUMARSYNF,20050110,18.75,21.6,17.8,21.6,825014,0
SKUMARSYNF,20050111,23.85,23.85,18,19.6,578612,0
SKUMARSYNF,20050112,20.75,20.75,16,17,449624,0
SKUMARSYNF,20050113,18.9,20.4,17.1,20.3,869226,0
SKUMARSYNF,20050114,21.25,21.95,19.6,19.95,667006,0
SKUMARSYNF,20050117,19.7,20.5,17.9,19,283778,0
SKUMARSYNF,20050118,19.6,19.7,18.4,18.7,183000,0
SKUMARSYNF,20050119,18.95,19,17.5,17.7,150600,0
SKUMARSYNF,20050120,19,19,16.45,17.15,170904,0
SKUMARSYNF,20050124,17.3,17.75,17,17.25,131433,0
SKUMARSYNF,20050125,17.1,17.9,16.9,17.55,126649,0
SKUMARSYNF,20050127,18.35,19.4,18.05,18.8,239235,0
SKUMARSYNF,20050128,18.5,19.9,18.25,18.85,192819,0
SKUMARSYNF,20050131,19,19.9,19,19.25,255496,0
SKUMARSYNF,20050201,19.4,19.4,18.45,18.5,162827,0
SKUMARSYNF,20050202,19.4,19.4,18.25,18.45,123831,0
SKUMARSYNF,20050203,18.95,19.15,18.5,18.75,153182,0
SKUMARSYNF,20050204,19.25,22.5,18.55,22.5,806390,0
SKUMARSYNF,20050207,25.4,27,22.3,26.95,1251212,0
SKUMARSYNF,20050208,28,28.7,24.6,26.65,880064,0
SKUMARSYNF,20050209,25.25,27.45,25.05,26.1,369165,0
SKUMARSYNF,20050210,26.7,26.9,24.55,25.15,305095,0
SKUMARSYNF,20050211,26,26.4,24.55,25.05,241204,0
SKUMARSYNF,20050214,25.4,26,23.8,24.05,197322,0
SKUMARSYNF,20050215,23.5,24.8,22.55,24.05,274745,0
SKUMARSYNF,20050216,23.2,24.3,22.5,22.9,232076,0
SKUMARSYNF,20050217,21.6,23.75,21.6,23.4,189970,0
SKUMARSYNF,20050218,24,24.75,22.8,23.15,228209,0
SKUMARSYNF,20050221,23.05,24,22.8,23.1,127348,0
SKUMARSYNF,20050222,23.5,23.5,22.2,22.65,214159,0
SKUMARSYNF,20050223,23,25.15,23,24.25,357518,0
SKUMARSYNF,20050224,24.95,25.25,23.8,24.3,264732,0
SKUMARSYNF,20050225,24.8,24.8,22.8,23.7,190325,0
SKUMARSYNF,20050228,26.9,28.4,26.15,26.65,1106103,0
SKUMARSYNF,20050301,27.5,27.5,25.5,26.8,343647,0
SKUMARSYNF,20050302,27,28.5,27,27.9,380498,0
SKUMARSYNF,20050303,28,28.5,27.25,27.5,245051,0
SKUMARSYNF,20050304,28.5,28.5,26.3,26.55,232299,0
SKUMARSYNF,20050307,26,27.55,26,26.25,272009,0
SKUMARSYNF,20050308,26.4,27,26,26.25,148457,0
SKUMARSYNF,20050309,26,27,24.5,25,216563,0
SKUMARSYNF,20050310,24.2,25.75,24.2,24.85,113040,0
SKUMARSYNF,20050311,25.25,25.6,24.5,24.75,149262,0
SKUMARSYNF,20050314,25.1,25.5,24.1,24.25,94357,0
SKUMARSYNF,20050315,24,24.4,23.25,23.5,112891,0
SKUMARSYNF,20050316,24.7,24.7,23.75,23.9,67643,0
SKUMARSYNF,20050317,23.8,24.25,23.4,23.6,69977,0
SKUMARSYNF,20050318,23.2,24.5,21.3,22.9,179515,0
SKUMARSYNF,20050321,22.25,23.4,22.25,22.9,70033,0
SKUMARSYNF,20050322,23,23,21.5,21.7,73846,0
SKUMARSYNF,20050323,22.5,22.5,20.2,20.55,161360,0
SKUMARSYNF,20050324,20.95,21,19.25,19.85,139148,0
SKUMARSYNF,20050328,20,22.25,20,20.75,178043,0
SKUMARSYNF,20050329,20.7,21.5,19.5,19.9,177683,0
SKUMARSYNF,20050330,20.3,21.5,19.85,20.2,108693,0
SKUMARSYNF,20050331,21,21,20,20.8,88867,0
SKUMARSYNF,20050401,20,23.5,20,23.05,233333,0
SKUMARSYNF,20050404,24,24,22,22.2,113350,0
SKUMARSYNF,20050405,22.75,23,21.8,22.1,96873,0
SKUMARSYNF,20050406,22.4,23.5,21.85,22.1,213636,0
SKUMARSYNF,20050407,22.9,23.45,22.25,22.65,165431,0
SKUMARSYNF,20050408,23.9,24.45,22.5,23.05,428777,0
SKUMARSYNF,20050411,23,23.3,21.2,21.8,393545,251253
SKUMARSYNF,20050412,22.45,23,21.55,21.9,220695,146092
SKUMARSYNF,20050413,22.8,22.9,21.4,21.55,175327,0
SKUMARSYNF,20050415,21.45,21.5,20.55,20.7,143735,85057
SKUMARSYNF,20050418,20.5,20.65,19.15,19.95,240810,0
SKUMARSYNF,20050419,21.3,21.3,19,19.35,183610,0
SKUMARSYNF,20050420,19.5,20.5,19.15,19.45,170724,0
SKUMARSYNF,20050421,19.5,22.9,19,21.9,992456,0
SKUMARSYNF,20050422,25,25,21.35,21.65,612570,0
SKUMARSYNF,20050425,22.2,22.2,20.8,20.85,344877,0
SKUMARSYNF,20050426,21.25,21.25,20,20.15,509879,0
SKUMARSYNF,20050427,20.25,20.7,19.65,19.8,233178,0
SKUMARSYNF,20050428,19.95,20.05,19.25,19.45,192994,0
SKUMARSYNF,20050429,19.55,19.7,18.65,18.8,204421,0
SKUMARSYNF,20050502,19.6,21.65,19.1,19.95,928755,0
SKUMARSYNF,20050503,20.25,20.25,17.2,19.4,177548,0
SKUMARSYNF,20050504,19.8,20.75,19.55,20.1,385242,0
SKUMARSYNF,20050505,20,20.3,19.65,19.85,221639,0
SKUMARSYNF,20050506,19.8,20.1,19.3,19.45,158181,0
SKUMARSYNF,20050509,19.5,20.55,19.5,19.95,228372,0
SKUMARSYNF,20050510,19.65,20.3,19.65,19.85,137442,0
SKUMARSYNF,20050511,19.9,23.65,19.7,22.9,1677245,0
SKUMARSYNF,20050512,24,24.7,23.15,23.95,1455802,0
SKUMARSYNF,20050513,24.3,24.4,23.4,23.65,493641,0
SKUMARSYNF,20050516,23.95,24.35,23.5,23.65,453008,0
SKUMARSYNF,20050517,24.2,25.7,22.8,23.9,1390701,0
SKUMARSYNF,20050518,24,25,23.7,24.4,1102295,0
SKUMARSYNF,20050519,25.2,25.25,24,24.25,916946,0
SKUMARSYNF,20050520,24.4,24.6,22.9,23.1,520966,0
SKUMARSYNF,20050523,23.35,24,22.7,22.9,589961,0
SKUMARSYNF,20050524,23.3,24.7,22.45,23.85,1159330,0
SKUMARSYNF,20050525,24.1,25.35,23.4,24.5,1813887,0
SKUMARSYNF,20050526,24.8,25.6,23.05,24.8,2800241,0
SKUMARSYNF,20050527,25.2,25.75,24.15,24.35,1423083,0
SKUMARSYNF,20050530,24.55,27.2,24.35,25.6,3450890,0
SKUMARSYNF,20050531,25.6,26.9,25.5,25.95,1712500,0
SKUMARSYNF,20050601,26.25,26.85,25.9,26.35,2854652,0
SKUMARSYNF,20050602,26.5,31.5,25.9,29.65,14825114,0
SKUMARSYNF,20050603,29.8,31.15,28.3,28.7,7029632,0
SKUMARSYNF,20050604,28.4,30.35,28.3,29.15,3087647,0
SKUMARSYNF,20050606,29.55,30.65,29.05,29.2,2756841,0
SKUMARSYNF,20050607,29.5,30.25,28.7,28.85,1310074,0
SKUMARSYNF,20050608,29.15,29.3,27.2,27.4,1690186,0
SKUMARSYNF,20050609,27.7,29.4,27.2,28.55,2786247,0
SKUMARSYNF,20050610,28.75,30.15,28.5,28.95,3234401,0
SKUMARSYNF,20050613,29.3,31.95,29.1,31.3,7848700,0
SKUMARSYNF,20050614,31.6,32.55,31.05,31.45,3759807,1151059
SKUMARSYNF,20050615,31.5,31.75,30.6,30.85,1861171,0
SKUMARSYNF,20050616,31.1,31.1,29.5,29.75,1311189,0
SKUMARSYNF,20050617,29.95,29.95,28.25,28.95,1338975,0
SKUMARSYNF,20050620,29.15,29.4,27.6,28.25,791669,328857
SKUMARSYNF,20050621,28.9,29.65,28.05,28.75,1235466,434035
SKUMARSYNF,20050622,29,29.7,28.3,28.45,1126531,392059
SKUMARSYNF,20050623,28.65,30.6,28.5,29.6,4514066,1594947
SKUMARSYNF,20050624,29.75,33.15,29.5,32.3,7648908,1908474
SKUMARSYNF,20050627,32.7,32.7,31.2,31.45,2687038,0
SKUMARSYNF,20050628,31.45,31.55,30.1,30.7,2328558,0
SKUMARSYNF,20050629,30.9,33.65,30.5,32.35,4960833,1127578
SKUMARSYNF,20050630,32.65,32.65,31.2,31.7,1876486,667258
SKUMARSYNF,20050701,31.9,34.5,31.75,34.2,5009324,1845081
SKUMARSYNF,20050704,34.5,35.65,33.3,34.65,3852784,0
SKUMARSYNF,20050705,34.2,34.5,31.75,32.05,2291423,0
SKUMARSYNF,20050706,32.4,33.55,32.35,33.15,2137435,865606
SKUMARSYNF,20050707,32.5,34.9,32.5,33.15,3326718,0
SKUMARSYNF,20050708,34,34.45,33,34.05,672070,0
SKUMARSYNF,20050711,34.7,34.7,32.8,33.05,547778,0
SKUMARSYNF,20050712,34.95,34.95,32.25,33.25,477094,0
SKUMARSYNF,20050713,33,34.25,32,32.35,745140,0
SKUMARSYNF,20050714,33,33,32,32.15,182193,0
SKUMARSYNF,20050715,32.5,35,31.5,34.5,883975,0
SKUMARSYNF,20050718,35,35,33.7,34.4,250200,0
SKUMARSYNF,20050719,34.6,36.85,34.1,36.15,916537,0
SKUMARSYNF,20050720,33.9,38.2,33.9,37.3,1770339,0
SKUMARSYNF,20050721,39,39,35,37,604184,0
SKUMARSYNF,20050722,36,38,36,36.6,352334,0
SKUMARSYNF,20050725,36.65,38.5,36.65,37.9,1016081,0
SKUMARSYNF,20050726,38.25,38.25,36,36.55,216866,0
SKUMARSYNF,20050727,36.5,37,36,36.3,147073,0
SKUMARSYNF,20050729,36.5,37.35,35.05,35.9,254822,0
SKUMARSYNF,20050801,35.7,37.85,34.6,37.3,444721,0
SKUMARSYNF,20050802,36.7,41,36.7,39.8,2286896,0
SKUMARSYNF,20050803,40.1,41,38.5,40.25,1109481,0
SKUMARSYNF,20050804,41.05,42,39.5,41.25,507514,0
SKUMARSYNF,20050805,41.7,42.7,39.8,41.75,896228,0
SKUMARSYNF,20050808,43.5,44.8,40.15,40.6,423203,0
SKUMARSYNF,20050809,41.5,41.5,39.6,40.15,321252,0
SKUMARSYNF,20050810,40.9,42.75,40.55,40.95,427853,0
SKUMARSYNF,20050811,41.85,42,40.5,40.5,1093383,0
SKUMARSYNF,20050812,41.05,42,40.4,41.05,2414820,0
SKUMARSYNF,20050816,40.5,45,40.5,44.2,2621281,0
SKUMARSYNF,20050817,46.45,46.45,43.4,45.8,739647,0
SKUMARSYNF,20050818,45.8,48,43.55,44.5,1319347,0
SKUMARSYNF,20050819,46,46.75,44.25,45.45,334922,0
SKUMARSYNF,20050822,46,46.9,44,44,2362821,0
SKUMARSYNF,20050823,45.9,45.9,41.6,43.15,525748,0
SKUMARSYNF,20050824,43.8,43.95,41.6,42.4,352427,0
SKUMARSYNF,20050825,42.1,48,42.1,46.95,861241,0
SKUMARSYNF,20050826,47.7,52.5,43.95,51.15,20039409,0
SKUMARSYNF,20050829,53,53.85,50.5,52.9,1300731,0
SKUMARSYNF,20050830,53.45,53.9,51,51.45,632251,0
SKUMARSYNF,20050831,52.85,53.7,50.5,51,710275,0
SKUMARSYNF,20050901,52,52.9,50.55,50.9,409457,0
SKUMARSYNF,20050902,52.45,52.9,50.2,50.55,422700,0
SKUMARSYNF,20050905,52.85,52.85,50.6,50.85,434179,0
SKUMARSYNF,20050906,52.5,52.85,50.45,50.8,269106,0
SKUMARSYNF,20050908,52.4,57.4,50.85,55.05,1078651,0
SKUMARSYNF,20050909,56,57,53.95,54.5,648624,0
SKUMARSYNF,20050912,55.95,57.9,55.4,55.75,1101832,0
SKUMARSYNF,20050913,57.35,57.35,55.5,56.3,312240,0
SKUMARSYNF,20050914,57,57,54,54.8,399295,0
SKUMARSYNF,20050915,55.5,56.6,55.05,56.15,289194,0
SKUMARSYNF,20050916,54,60,54,57,843441,0
SKUMARSYNF,20050919,58.5,64.9,58.5,60.55,896180,0
SKUMARSYNF,20050920,61,63.5,58.5,60.7,673897,0
SKUMARSYNF,20050921,60.55,60.9,57.7,58.15,541689,0
SKUMARSYNF,20050922,57.5,58,55.25,55.25,209346,0
SKUMARSYNF,20050923,54.85,55,52.5,52.6,313927,0
SKUMARSYNF,20050926,50.5,55.25,50,55.25,624985,0
SKUMARSYNF,20050927,57.85,58.05,56,57.95,525540,0
SKUMARSYNF,20050928,60,60,56.25,56.75,263033,0
SKUMARSYNF,20050929,57,57.4,53.95,53.95,230216,0
SKUMARSYNF,20050930,53.25,53.25,51.25,51.25,125846,0
SKUMARSYNF,20051003,49,52.25,48.7,51.5,362911,0
SKUMARSYNF,20051004,52.5,54.1,52,53.95,327126,0
SKUMARSYNF,20051005,54,54.95,52.25,52.85,121942,0
SKUMARSYNF,20051006,51.9,52.5,50.25,50.25,277305,0
SKUMARSYNF,20051007,50.25,51.65,48.5,49.9,210166,0
SKUMARSYNF,20051010,51.2,52.4,48,51.55,248812,0
SKUMARSYNF,20051011,52.5,53.9,49.4,52.05,445354,0
SKUMARSYNF,20051013,52.5,53.5,49.7,50.05,349030,0
SKUMARSYNF,20051014,52,52,47.55,47.6,285001,0
SKUMARSYNF,20051017,48,48,45.25,45.25,118087,0
SKUMARSYNF,20051018,44.1,47.1,43,43.6,265748,0
SKUMARSYNF,20051019,42,42.5,41.45,41.45,195921,0
SKUMARSYNF,20051020,42.85,42.85,39.4,39.4,225622,0
SKUMARSYNF,20051021,37.5,41.4,37.45,39.4,629220,0
SKUMARSYNF,20051024,41,41.4,40.2,40.6,290470,0
SKUMARSYNF,20051025,42.35,42.5,40.6,41.6,215056,0
SKUMARSYNF,20051026,41.55,43.4,40.95,42.5,265994,0
SKUMARSYNF,20051027,42,42,40.4,40.45,120709,0
SKUMARSYNF,20051028,39,41.75,38.45,40.3,195862,0
SKUMARSYNF,20051031,40.25,42.3,39.1,41.9,162096,0
SKUMARSYNF,20051101,43,43.75,42,42.9,111962,0
SKUMARSYNF,20051102,43.3,45.05,41,44.55,250939,0
SKUMARSYNF,20051107,45.05,45.85,42.9,43.6,183706,0
SKUMARSYNF,20051108,44.75,45.8,44,45.8,513065,0
SKUMARSYNF,20051109,46.95,48.1,46.1,47.35,942713,0
SKUMARSYNF,20051110,48,49,46.5,48,231517,0
SKUMARSYNF,20051111,48,49.5,47.7,49.05,362938,0
SKUMARSYNF,20051114,50,50.4,48,48.7,132975,0
SKUMARSYNF,20051116,49.4,49.4,47.3,47.5,73382,0
SKUMARSYNF,20051117,49.25,49.6,47.3,47.65,149293,0
SKUMARSYNF,20051118,47.2,49.2,46.1,47.7,919970,0
SKUMARSYNF,20051121,48.7,48.95,46.5,48.2,377699,0
SKUMARSYNF,20051122,49.2,50,47.7,48.4,385831,0
SKUMARSYNF,20051123,49,49.75,48.3,48.5,172586,0
SKUMARSYNF,20051124,48.5,50.2,48.5,49,172374,0
SKUMARSYNF,20051125,50,50.1,47.3,47.7,210153,133722
SKUMARSYNF,20051126,48.25,50.1,47.8,50.1,313817,0
SKUMARSYNF,20051128,50,52,50,50.9,661960,452760
SKUMARSYNF,20051129,50.9,51.8,48.65,49.3,259177,0
SKUMARSYNF,20051130,50.1,51.5,48.1,48.55,476642,202793
SKUMARSYNF,20051201,49,49.5,47.5,47.95,209129,91855
SKUMARSYNF,20051202,49,50.35,48.2,50.05,845603,500641
SKUMARSYNF,20051205,49.8,52.4,49.1,51.9,1301613,875072
SKUMARSYNF,20051206,52,53.9,51.5,52.95,1363023,684695
SKUMARSYNF,20051207,53.75,54.6,52.9,54.2,2079584,919659
SKUMARSYNF,20051208,54.5,55.5,53.75,54.25,797749,345796
SKUMARSYNF,20051209,54.35,55.65,52.65,54.8,908343,646183
SKUMARSYNF,20051212,55.15,55.45,53.2,54.25,481668,315495
SKUMARSYNF,20051213,54.5,54.7,52.55,52.95,258049,174302
SKUMARSYNF,20051214,53.1,53.45,51,51.25,283849,171100
SKUMARSYNF,20051215,51.25,52.4,49.5,50.2,308231,197685
SKUMARSYNF,20051216,50.75,50.75,49.5,49.9,245918,141311
SKUMARSYNF,20051219,49.5,51.4,49.4,50.8,314559,191327
SKUMARSYNF,20051220,51.3,51.3,49.15,49.7,198180,100684
SKUMARSYNF,20051221,50.3,51.85,49.6,50.15,316179,144953
SKUMARSYNF,20051222,50.7,50.9,48.85,49.15,230806,128495
SKUMARSYNF,20051223,49.7,50,47.5,47.9,248008,154637
SKUMARSYNF,20051226,47.65,47.65,44.4,44.95,295472,187546
SKUMARSYNF,20051227,45.5,46.6,44.35,44.95,569893,436409
SKUMARSYNF,20051228,45.3,45.9,44.3,44.6,454810,300859
SKUMARSYNF,20051229,44.95,47.75,44.95,47.2,750626,446185
SKUMARSYNF,20051230,47.25,48.6,46.05,47.35,515226,233143
SKUMARSYNF,20060102,47.8,48.7,47,48.1,709731,437829
SKUMARSYNF,20060103,48.5,52.75,48.5,51.95,3052900,1910116
SKUMARSYNF,20060104,52.5,53,49.8,50.45,686479,353383
SKUMARSYNF,20060105,51.1,51.1,49.05,49.2,306772,169694
SKUMARSYNF,20060106,49.75,53,49.5,52.45,1542298,911435
SKUMARSYNF,20060109,53,53.2,51.65,51.95,640246,372652
SKUMARSYNF,20060110,52.65,54.4,51.6,52.45,2436695,792575
SKUMARSYNF,20060112,51.9,54.75,51.55,53.25,1000624,454771
SKUMARSYNF,20060113,53.55,54.95,53.2,54.35,1345537,604671
SKUMARSYNF,20060116,55,55,52.3,52.9,618294,0
SKUMARSYNF,20060117,53.35,53.45,48.25,49,622727,334165
SKUMARSYNF,20060118,49.1,51.4,47.1,49.9,584006,0
SKUMARSYNF,20060119,50.65,52.2,50.25,51.55,424259,193169
SKUMARSYNF,20060120,52.9,53.15,50.8,51.05,327775,160138
SKUMARSYNF,20060123,51,51.9,50.1,50.75,278147,175018
SKUMARSYNF,20060124,51.5,52.4,50.05,51.65,611081,334584
SKUMARSYNF,20060125,52.25,52.8,50.2,50.5,390579,239542
SKUMARSYNF,20060127,51.6,51.6,49.5,49.65,219358,0
SKUMARSYNF,20060130,51.3,51.3,48.75,48.95,256248,146831
SKUMARSYNF,20060131,49.8,50,48.1,49.7,310139,0
SKUMARSYNF,20060201,49.8,49.85,47,47.35,187804,0
SKUMARSYNF,20060202,48.3,49.4,46.3,47.1,457096,0
SKUMARSYNF,20060203,46.5,48.3,45.65,47.5,244389,118200
SKUMARSYNF,20060206,47.5,47.95,45.5,46.65,151733,83875
SKUMARSYNF,20060207,47,49.6,46.35,48.55,986743,470505
SKUMARSYNF,20060208,49.25,49.25,46.5,46.85,250262,165144
SKUMARSYNF,20060210,47.75,48.75,46.55,46.85,354320,167578
SKUMARSYNF,20060213,47.9,49.9,47.8,48.5,531970,255276
SKUMARSYNF,20060214,49.4,49.4,47.75,47.95,748977,0
SKUMARSYNF,20060215,48.5,49.25,47.15,47.25,317796,161113
SKUMARSYNF,20060216,48,48.1,46.5,46.75,159492,96195
SKUMARSYNF,20060217,47.3,47.75,45,46.7,351633,0
SKUMARSYNF,20060220,46.65,46.65,45.1,45.3,196596,106234
SKUMARSYNF,20060221,45.35,46.4,44.5,44.85,184461,0
SKUMARSYNF,20060222,45.8,45.8,43.8,44,202636,0
SKUMARSYNF,20060223,44.8,45.3,43.5,43.9,468672,0
SKUMARSYNF,20060224,44.1,44.3,42.55,42.95,384672,293124
SKUMARSYNF,20060227,43.4,44.3,42.8,43.15,550309,0
SKUMARSYNF,20060228,44,47.4,42.8,46.4,5400171,2698289
SKUMARSYNF,20060301,47,47,44.5,44.9,510169,0
SKUMARSYNF,20060302,45,45.8,44.2,44.6,1554571,0
SKUMARSYNF,20060303,45.5,46.7,44.6,45.65,626758,248218
SKUMARSYNF,20060306,45.3,47.5,44.5,47.05,2585620,1126742
SKUMARSYNF,20060307,47.1,47.4,45.8,46.05,354285,159055
SKUMARSYNF,20060308,46.75,46.95,44.5,45.4,281070,0
SKUMARSYNF,20060309,45.5,45.75,43.05,44,281949,0
SKUMARSYNF,20060310,45,48.5,44.1,47.7,776339,0
SKUMARSYNF,20060313,47.9,48.2,45.75,47.65,782482,502631
SKUMARSYNF,20060314,47.5,48.35,45.8,46.7,500972,0
SKUMARSYNF,20060316,47.15,47.5,45.2,46.2,495017,0
SKUMARSYNF,20060317,45.9,47.5,44.7,46.5,382612,265395
SKUMARSYNF,20060320,47.3,49,46.15,47.85,905491,0
SKUMARSYNF,20060321,47.6,48.2,45.9,47.35,936836,0
SKUMARSYNF,20060322,47.05,47.05,45.25,45.8,847949,0
SKUMARSYNF,20060323,46.4,46.5,44.15,44.85,339567,0
SKUMARSYNF,20060324,44.85,46.7,44.15,45.5,503542,254644
SKUMARSYNF,20060327,46.1,48.3,45.25,47.45,1163868,640962
SKUMARSYNF,20060328,48.4,49.5,46.6,48.95,894209,530496
SKUMARSYNF,20060329,49.2,50.9,47.5,50.05,1021617,578582
SKUMARSYNF,20060330,50.05,51.7,49.2,49.9,476491,0
SKUMARSYNF,20060331,50,52,49,51.6,577060,324166
SKUMARSYNF,20060403,51.75,52.75,51,51.35,250102,0
SKUMARSYNF,20060404,51.5,52.9,49.75,52.15,421149,0
SKUMARSYNF,20060405,53,58,53,57.15,2306917,0
SKUMARSYNF,20060407,57.25,59.7,52.5,53.45,1237255,0
SKUMARSYNF,20060410,54.55,54.55,51.6,52.3,459699,0
SKUMARSYNF,20060412,52.9,53.8,50.4,51.05,645580,408626
SKUMARSYNF,20060413,52.5,52.5,48.25,49.9,335403,119260
SKUMARSYNF,20060417,50.85,54.1,50.25,53.25,944326,480278
SKUMARSYNF,20060418,53.5,54.9,52.5,53.9,1363295,597537
SKUMARSYNF,20060419,53.6,53.7,51.25,52.25,1052085,458655
SKUMARSYNF,20060420,52,53.85,51.5,52.3,348283,165300
SKUMARSYNF,20060421,52.05,52.55,50.6,51.25,145549,82493
SKUMARSYNF,20060424,52,53.8,50.65,53,2277408,0
SKUMARSYNF,20060425,53,55,52.7,54.5,2650585,1708429
SKUMARSYNF,20060426,54.75,56.5,53.5,55.65,1314023,514018
SKUMARSYNF,20060427,55.4,57.85,55.4,56.65,2354158,0
SKUMARSYNF,20060428,54,56.2,45.5,55.2,1260590,716875
SKUMARSYNF,20060429,55.7,57.95,55,57.3,368563,0
SKUMARSYNF,20060502,58.4,59,57.35,58.55,1210788,897781
SKUMARSYNF,20060503,59.1,59.4,56.2,56.75,338969,182123
SKUMARSYNF,20060504,57,59.8,56.05,57.5,666771,258266
SKUMARSYNF,20060505,58,61.65,57.6,60.4,1330492,696392
SKUMARSYNF,20060508,62.2,64.5,62,62.9,1958233,1079816
SKUMARSYNF,20060509,63.9,64.75,60.2,60.7,1286847,681407
SKUMARSYNF,20060510,61,62.8,60,60.4,655476,0
SKUMARSYNF,20060511,60.9,62.8,59.75,60.45,658872,295535
SKUMARSYNF,20060512,59.1,66,59.1,64.25,1653410,741770
SKUMARSYNF,20060515,65,69.4,64.5,64.8,1843274,643161
SKUMARSYNF,20060516,65,69.25,62,67.8,1452547,0
SKUMARSYNF,20060517,69.7,71.95,67.8,69.8,1701381,464507
SKUMARSYNF,20060518,69,69,60,61.15,717908,350031
SKUMARSYNF,20060519,63,65,58,58.8,670486,258356
SKUMARSYNF,20060522,60,61.4,47.05,50.95,630931,326065
SKUMARSYNF,20060523,53,57.2,53,56.3,445558,199565
SKUMARSYNF,20060524,57.4,60.5,55.05,55.55,449174,122675
SKUMARSYNF,20060525,55,55.8,52.2,54.35,226775,81518
SKUMARSYNF,20060526,54,58.7,54,55.95,308837,134488
SKUMARSYNF,20060529,57,57.9,54.1,54.45,193891,83815
SKUMARSYNF,20060530,55,57.3,53.3,55.75,401278,173945
SKUMARSYNF,20060531,54,54,50.5,52.3,383196,171500
SKUMARSYNF,20060601,54.6,54.6,50.1,50.85,489784,261846
SKUMARSYNF,20060602,50.3,54.7,44,53.5,1637215,607745
SKUMARSYNF,20060605,53.75,53.75,49.45,50.05,310655,118579
SKUMARSYNF,20060606,48,49.4,45.9,47.05,492820,212523
SKUMARSYNF,20060607,46.05,47.75,41,45.8,767429,299142
SKUMARSYNF,20060608,45,45.5,37.1,40.6,794566,398268
SKUMARSYNF,20060609,40.6,43,38.5,39.9,1289263,778890
SKUMARSYNF,20060612,41.5,41.5,37.8,38.55,940480,391541
SKUMARSYNF,20060613,35.5,39.7,35.05,38.4,865868,572841
SKUMARSYNF,20060614,38,40.75,38,39.65,1081305,719403
SKUMARSYNF,20060615,40.8,41.5,39.3,40.8,1351332,595931
SKUMARSYNF,20060616,41.4,43.95,40.75,42.95,1425748,652724
SKUMARSYNF,20060619,42.8,43,41.55,42.45,276138,145297
SKUMARSYNF,20060620,41.9,44,41,43.35,410526,199369
SKUMARSYNF,20060621,43,45.9,42.25,45,970084,471414
SKUMARSYNF,20060622,45,50,45,49.75,1431977,677243
SKUMARSYNF,20060623,48.75,48.75,46.05,47.9,1083041,0
SKUMARSYNF,20060625,48,50,47.9,49.4,223390,122387
SKUMARSYNF,20060626,48.5,49.9,46.7,47.55,883903,0
SKUMARSYNF,20060627,47,48.15,45.8,46.45,355054,0
SKUMARSYNF,20060628,46,46.5,45,45.7,289347,0
SKUMARSYNF,20060629,46.8,47.2,43.65,45.5,1830309,0
SKUMARSYNF,20060630,46.9,48.5,46.25,47.8,841448,0
SKUMARSYNF,20060703,48.35,48.95,47.2,48.45,425060,0
SKUMARSYNF,20060704,49,49.95,48.05,49.3,1102940,0
SKUMARSYNF,20060705,48.8,51.05,48.1,50.8,845891,0
SKUMARSYNF,20060706,51,51,49.1,50.3,1185319,0
SKUMARSYNF,20060707,51.4,51.45,47.3,48,1083226,0
SKUMARSYNF,20060710,48,48.5,45.2,46.5,707464,410335
SKUMARSYNF,20060711,45.5,47.4,45.15,46,295749,0
SKUMARSYNF,20060712,45,46.1,44.2,45.6,1525794,0
SKUMARSYNF,20060713,45.95,50.6,45.3,49,2710765,0
SKUMARSYNF,20060714,50,50.5,48.5,49.05,1546700,0
SKUMARSYNF,20060717,49.8,49.8,47.6,48.6,838984,0
SKUMARSYNF,20060718,47.8,49.95,47.25,49.4,1353592,604658
SKUMARSYNF,20060719,49.4,49.8,47.15,48,474579,0
SKUMARSYNF,20060720,49.4,51.75,48.75,51.25,1121549,0
SKUMARSYNF,20060721,50.85,51,48.9,49.45,764784,0
SKUMARSYNF,20060724,49.9,49.9,46.55,47.15,338295,176767
SKUMARSYNF,20060725,48,51,48,50.75,729361,403320
SKUMARSYNF,20060726,51.2,57,50.55,56.2,3156177,0
SKUMARSYNF,20060727,56.5,59.1,56,57.8,3345246,1567229
SKUMARSYNF,20060728,58,60.65,58,59.55,1964796,0
SKUMARSYNF,20060731,60.4,62.95,60,62.5,2717294,1356030
SKUMARSYNF,20060801,62,62,59.2,60.6,1311378,0
SKUMARSYNF,20060802,60.1,60.75,59.35,60,570513,0
SKUMARSYNF,20060803,60.2,61.5,59.75,60.95,1415001,0
SKUMARSYNF,20060804,60.95,61.6,60.2,61,621244,0
SKUMARSYNF,20060807,60.75,64.7,60.5,63.8,1906952,0
SKUMARSYNF,20060808,64.8,65.5,63.9,65.2,1938502,0
SKUMARSYNF,20060809,66,66,62.85,64.25,1453806,849355
SKUMARSYNF,20060810,64.65,64.65,62.75,63.35,548623,265750
SKUMARSYNF,20060811,64.1,65.25,62.4,62.95,1126948,587251
SKUMARSYNF,20060814,63.4,65,63.25,64.6,3701404,2627981
SKUMARSYNF,20060816,65.4,65.45,61.1,61.75,902455,0
SKUMARSYNF,20060817,62.3,63,60.75,61.75,1356982,0
SKUMARSYNF,20060818,62.9,69.5,62,68.2,3099209,0
SKUMARSYNF,20060821,68.9,72,65.6,70.25,2480695,598570
SKUMARSYNF,20060822,70,72.7,69.7,70.7,2447085,839929
SKUMARSYNF,20060823,70.45,72.9,68.5,71.65,1117909,485187
SKUMARSYNF,20060824,72,72,68.2,69.05,1827043,949045
SKUMARSYNF,20060825,68.5,71.8,68.5,71.3,1368924,516141
SKUMARSYNF,20060828,72,74.25,70.9,73.45,2344737,0
SKUMARSYNF,20060829,74,74.95,72.85,73.6,1832539,0
SKUMARSYNF,20060830,72.45,74.25,72,73.65,1005391,523111
SKUMARSYNF,20060831,74,75.15,71.25,72.8,766407,0
SKUMARSYNF,20060901,73,74,71.55,73,752435,0
SKUMARSYNF,20060904,73.4,73.7,69.55,70.3,1097678,0
SKUMARSYNF,20060905,70.7,71.4,68.5,69.8,1551142,959022
SKUMARSYNF,20060906,69.65,71.75,69.2,71.1,652752,274560
SKUMARSYNF,20060907,70,71,69.1,70,413531,0
SKUMARSYNF,20060908,69.25,76,69,74.15,2117502,0
SKUMARSYNF,20060911,72,75,69.15,69.85,770643,0
SKUMARSYNF,20060912,70.5,71.4,69,70.7,377007,114421
SKUMARSYNF,20060913,71.45,74.25,71.45,73,969564,468027
SKUMARSYNF,20060914,73,75.5,73,75.1,1265714,610879
SKUMARSYNF,20060915,75,77.5,75,76.4,2450173,711717
SKUMARSYNF,20060918,76,76,74.3,75.1,368269,171562
SKUMARSYNF,20060919,75.5,75.5,73.1,73.7,941844,712852
SKUMARSYNF,20060920,74.4,77.7,73.5,77,3833076,2693733
SKUMARSYNF,20060921,77.7,79.4,77,78.3,1312258,342407
SKUMARSYNF,20060922,79,79.5,77,78.15,700055,226205
SKUMARSYNF,20060925,78,78,75.1,75.6,2604304,2233094
SKUMARSYNF,20060926,76,76.9,75.2,75.9,378615,0
SKUMARSYNF,20060927,76,77,75.1,75.55,610937,333353
SKUMARSYNF,20060928,76.9,77,75.1,76.5,414709,0
SKUMARSYNF,20060929,76.65,77.4,75.75,76.7,957909,0
SKUMARSYNF,20061003,76.75,77.25,75,75.45,388384,0
SKUMARSYNF,20061004,76.7,76.75,74.1,75.8,672538,402445
SKUMARSYNF,20061005,76.45,78.65,76,77.35,934381,0
SKUMARSYNF,20061006,77.55,79,76.6,77.3,1220674,0
SKUMARSYNF,20061009,76.7,77,74.55,75.7,257213,0
SKUMARSYNF,20061010,76,78,75.4,76.9,1006451,0
SKUMARSYNF,20061011,78,80.05,75,76.75,1838932,0
SKUMARSYNF,20061012,77,78.2,75.55,77.45,3813678,3360761
SKUMARSYNF,20061013,78,80.3,76.8,78.75,4184496,0
SKUMARSYNF,20061016,79.4,79.95,76.5,77.25,1665230,472690
SKUMARSYNF,20061017,79,79,76,76.45,519230,241490
SKUMARSYNF,20061018,77,78.2,76,76.7,825167,395693
SKUMARSYNF,20061019,77,77,74.4,75.15,458789,267557
SKUMARSYNF,20061020,75.15,77.2,73.85,76.45,2346067,0
SKUMARSYNF,20061021,77.5,78.25,76.5,77.95,578649,0
SKUMARSYNF,20061023,78,80.5,76.2,79.2,819660,0
SKUMARSYNF,20061026,79.5,80,78,79.15,926696,0
SKUMARSYNF,20061027,79.5,82.2,79,80.35,1733682,0
SKUMARSYNF,20061030,80.5,80.5,78.4,79.35,773270,0
SKUMARSYNF,20061031,79.85,79.9,76.75,78.3,540650,0
SKUMARSYNF,20061101,78.5,79,77.1,78.2,379086,0
SKUMARSYNF,20061102,78,78.9,77,77.9,383298,0
SKUMARSYNF,20061103,77.1,81,75,79.4,629728,0
SKUMARSYNF,20061106,80.95,82.1,77,78.2,2069688,0
SKUMARSYNF,20061107,79.4,79.4,77,78,345745,0
SKUMARSYNF,20061108,78,78.6,76.6,78.2,487028,0
SKUMARSYNF,20061109,78.5,80,77.55,79.15,746874,0
SKUMARSYNF,20061110,80.9,80.9,79.05,79.55,645617,424746
SKUMARSYNF,20061113,79.8,79.85,77.8,79.55,406777,232301
SKUMARSYNF,20061114,79.65,80.25,77.9,79.35,298527,138113
SKUMARSYNF,20061115,79.95,80.6,78.25,79.55,392221,207898
SKUMARSYNF,20061116,80,80,77.65,78.5,478856,284648
SKUMARSYNF,20061117,78.5,78.75,77.05,77.8,913677,594196
SKUMARSYNF,20061120,78,80.4,75.8,77.95,1047679,597437
SKUMARSYNF,20061121,78.4,78.65,77,77.85,935648,689080
SKUMARSYNF,20061122,78.4,79,77.1,77.65,641792,453252
SKUMARSYNF,20061123,77.65,78.3,76.55,77.15,424118,280524
SKUMARSYNF,20061124,77.8,80.1,77.25,79.7,738611,0
SKUMARSYNF,20061127,80.25,81.8,79.6,80.65,2163613,0
SKUMARSYNF,20061128,80,82,78.7,79.35,1141776,0
SKUMARSYNF,20061129,79.5,81.3,79.2,80.4,300809,0
SKUMARSYNF,20061130,81.4,81.9,76.9,77.7,577457,0
SKUMARSYNF,20061201,79,79.75,78,79.4,674796,0
SKUMARSYNF,20061204,79.95,79.95,77.85,78.55,102155,0
SKUMARSYNF,20061205,79.4,79.5,77.5,78.15,89036,0
SKUMARSYNF,20061206,79,79.2,76.8,78,233989,0
SKUMARSYNF,20061207,78,79.75,76.55,77.45,543753,0
SKUMARSYNF,20061208,78,79,77,77.85,195922,0
SKUMARSYNF,20061211,77.15,77.75,73.5,76.1,465316,0
SKUMARSYNF,20061212,74.55,76.25,72.5,74.45,244036,0
SKUMARSYNF,20061213,74,75.5,72.85,75.4,761537,0
SKUMARSYNF,20061214,76.5,76.7,75,76.1,316940,221067
SKUMARSYNF,20061215,76.1,78.7,76.1,77.65,482067,352097
SKUMARSYNF,20061218,77,78.25,75.2,75.8,275035,172071
SKUMARSYNF,20061219,76,76.2,74.25,75,182475,139665
SKUMARSYNF,20061220,75.25,76.3,74.65,75.9,268887,193111
SKUMARSYNF,20061221,75.8,78.4,75.1,77.8,761228,515156
SKUMARSYNF,20061222,77.9,80,77.15,79.5,1275710,657504
SKUMARSYNF,20061226,79,80.75,77.7,78.25,309990,121387
SKUMARSYNF,20061227,77.9,78.7,76.5,76.95,97856,63826
SKUMARSYNF,20061228,77.9,78.25,76.75,77.75,175725,135420
SKUMARSYNF,20061229,78.4,80,77.1,79.2,298201,228159
SKUMARSYNF,20070102,80,81.5,78.05,79.55,370434,0
SKUMARSYNF,20070103,79,80.25,78,78.25,122941,0
SKUMARSYNF,20070104,78.5,79.3,77.4,78.75,365021,0
SKUMARSYNF,20070105,78.5,81.1,77.55,78.65,801323,0
SKUMARSYNF,20070108,80,80,77,77.35,267757,0
SKUMARSYNF,20070109,78.4,78.4,75,76.8,850563,0
SKUMARSYNF,20070110,76.8,77.15,72.6,74.85,493818,0
SKUMARSYNF,20070111,75.4,76.45,74,75.75,644424,472625
SKUMARSYNF,20070112,76.5,78.7,75.55,76.85,1909441,932649
SKUMARSYNF,20070115,78.05,78.05,75.35,75.8,329574,185759
SKUMARSYNF,20070116,76.9,77.6,75.05,75.85,484451,282604
SKUMARSYNF,20070117,76,76.5,72.8,73.65,640463,526253
SKUMARSYNF,20070118,74,74.75,71.4,72,441157,291116
SKUMARSYNF,20070119,73,73.25,72.5,72.95,480326,394465
SKUMARSYNF,20070122,74,75.25,73,74.35,284238,186977
SKUMARSYNF,20070123,74.5,74.8,71.8,72,185876,0
SKUMARSYNF,20070124,73.5,73.5,67.7,68.7,1374243,1036241
SKUMARSYNF,20070125,69.95,70,67,68.7,763833,0
SKUMARSYNF,20070129,69,76.8,69,75.7,1081784,669115
SKUMARSYNF,20070131,77,79.7,70.8,72.25,867053,346355
SKUMARSYNF,20070201,73,74.9,71.9,72.2,275146,135687
SKUMARSYNF,20070202,73,75.75,71.8,72.85,749852,0
SKUMARSYNF,20070205,77.35,77.35,73,74.55,1453847,954673
SKUMARSYNF,20070206,75.1,76,73,73.6,656174,519797
SKUMARSYNF,20070207,73.35,76.7,71.8,75.85,1157299,822058
SKUMARSYNF,20070208,76.05,78.7,74.1,77.05,569979,253950
SKUMARSYNF,20070209,76,78.9,75.8,77.9,1096317,763380
SKUMARSYNF,20070212,77.5,78.75,73.8,75.6,341306,163085
SKUMARSYNF,20070213,74.25,77,74.15,76.2,441157,351259
SKUMARSYNF,20070214,75.05,79.4,75,78.95,1109453,553504
SKUMARSYNF,20070215,79.5,84.4,78.25,82.6,2352972,1179337
SKUMARSYNF,20070219,83.9,83.9,78.25,80.4,1236369,644301
SKUMARSYNF,20070220,80.4,80.4,76.6,77.55,415948,236543
SKUMARSYNF,20070221,77.9,79.5,77,79.1,659291,372023
SKUMARSYNF,20070222,79,79,76.1,76.7,706798,300418
SKUMARSYNF,20070226,75.4,75.9,72.2,73.55,663296,460175
SKUMARSYNF,20070227,73.55,74.95,72.3,73.15,553480,363639
SKUMARSYNF,20070228,69.05,75.7,67,73.55,1016982,567648
SKUMARSYNF,20070301,71.6,75.25,70.2,73.9,1327046,737915
SKUMARSYNF,20070302,74.5,74.5,70.8,71.7,4549518,3906933
SKUMARSYNF,20070305,71,71.25,65.55,67.85,534642,327303
SKUMARSYNF,20070306,68.5,72.25,66.2,67.65,952539,489032
SKUMARSYNF,20070307,67.8,68.5,65.4,66.35,631496,296253
SKUMARSYNF,20070308,66,68.1,66,66.4,776122,474977
SKUMARSYNF,20070309,67,67.45,65.1,66.35,220047,138987
SKUMARSYNF,20070312,66,69.3,65.9,68.15,265641,155596
SKUMARSYNF,20070313,68.5,70,66.9,67.85,302562,145811
SKUMARSYNF,20070314,67,67,60.7,63,1605723,975939
SKUMARSYNF,20070315,65,65,60.1,60.95,1023534,657335
SKUMARSYNF,20070316,60.05,64.9,55.6,63.5,1282628,657787
SKUMARSYNF,20070319,64.85,66.5,61.6,65.9,329704,145098
SKUMARSYNF,20070320,66.9,68.9,65.1,67.9,351999,205957
SKUMARSYNF,20070321,68,71.45,67.05,70.6,395354,194384
SKUMARSYNF,20070322,71,75.8,71,74.45,3445204,2791593
SKUMARSYNF,20070323,74.45,76.5,72.6,75.15,1007260,584663
SKUMARSYNF,20070326,75.8,76.8,72,73.05,424771,256237
SKUMARSYNF,20070328,70.1,73.4,68.05,71.05,1085797,763723
SKUMARSYNF,20070329,72.25,75,70.05,72.45,680552,412262
SKUMARSYNF,20070330,73.25,73.3,70.2,72.05,146001,97618
SKUMARSYNF,20070402,70,70.8,65.2,66.75,349736,164220
SKUMARSYNF,20070404,68.9,71.15,68.25,70.05,582136,315811
SKUMARSYNF,20070405,69.9,75.5,69.25,74.95,1174299,670900
SKUMARSYNF,20070409,75.45,76,73.85,74.9,850256,0
SKUMARSYNF,20070410,75.5,75.5,73.3,74.2,260308,155987
SKUMARSYNF,20070411,74,78.95,74,77.45,1583373,0
SKUMARSYNF,20070412,78,80.75,77.8,79.2,1274079,0
SKUMARSYNF,20070413,79,82.5,78.1,80.25,1146760,0
SKUMARSYNF,20070416,81.8,84,80,82.5,1663216,1027214
SKUMARSYNF,20070417,83,83.4,77.5,80.15,1775289,0
SKUMARSYNF,20070418,80.35,81,78.1,79.65,237350,0
SKUMARSYNF,20070419,78.05,81,77.45,79.35,703089,0
SKUMARSYNF,20070420,80,86.5,79.1,85.3,1904505,0
SKUMARSYNF,20070423,86.05,87,80.1,82.2,710318,324494
SKUMARSYNF,20070424,82.8,83.6,80,81.45,577272,293433
SKUMARSYNF,20070425,82,84.5,80.85,83.7,517604,231977
SKUMARSYNF,20070426,84.7,85.25,81.55,83.7,1526841,1149364
SKUMARSYNF,20070427,83.1,84.7,81.05,81.8,415300,183168
SKUMARSYNF,20070430,80.1,82,79.15,80.3,448622,253743
SKUMARSYNF,20070503,82,82,79.1,79.5,167167,84299
SKUMARSYNF,20070504,80,80.45,77.2,77.95,341383,246184
SKUMARSYNF,20070507,78.6,79.6,77.95,78.75,1211798,666243
SKUMARSYNF,20070508,78.5,80,78,78.65,428650,0
SKUMARSYNF,20070509,79.45,79.45,76.6,77.5,283049,168153
SKUMARSYNF,20070510,77,80.65,73.8,76.45,1043812,0
SKUMARSYNF,20070511,76.4,79,73.5,77.55,1054390,0
SKUMARSYNF,20070514,78,79.8,75.15,75.55,820590,0
SKUMARSYNF,20070515,75.95,77.9,74.25,74.65,739914,0
SKUMARSYNF,20070516,75.6,77.2,74.8,75.7,1193647,754419
SKUMARSYNF,20070517,76,78.75,76,77.1,2020130,1207315
SKUMARSYNF,20070518,77.8,81.5,77.2,78.9,1506379,0
SKUMARSYNF,20070521,80.5,82.45,79.75,80.35,1170458,0
SKUMARSYNF,20070522,81.3,81.3,78.9,79.35,276792,0
SKUMARSYNF,20070523,80,80,76.8,77.65,242885,0
SKUMARSYNF,20070524,77,79.5,76.5,77.55,561493,0
SKUMARSYNF,20070525,77.75,77.8,76.1,77.25,539289,0
SKUMARSYNF,20070528,77.8,80.55,77.6,80.05,1818502,0
SKUMARSYNF,20070529,80.55,83.7,80.5,81.8,2403792,0
SKUMARSYNF,20070530,82,83.75,80,80.85,1780933,806721
SKUMARSYNF,20070531,81.35,81.8,79.05,80.4,1575981,848208
SKUMARSYNF,20070601,80,82.25,80,81,825612,349788
SKUMARSYNF,20070604,81.05,82.3,78.5,80.9,1345773,0
SKUMARSYNF,20070605,81.25,83.2,80.75,82.7,737955,387980
SKUMARSYNF,20070606,82.5,88.15,82,85.55,3299310,0
SKUMARSYNF,20070607,86.35,86.8,81.1,82.45,925176,0
SKUMARSYNF,20070608,81.5,86.5,80.5,85.65,1984939,0
SKUMARSYNF,20070611,84.2,86.45,82.2,83.65,1070252,0
SKUMARSYNF,20070612,83.95,85.75,81.05,84.55,1757602,0
SKUMARSYNF,20070613,84.95,86.3,83.1,84.05,1232776,0
SKUMARSYNF,20070614,84.9,86.2,83.4,84.95,3295453,0
SKUMARSYNF,20070615,85.25,87.3,84.25,86.55,852201,0
SKUMARSYNF,20070618,87,90.5,86.75,89.45,2803490,0
SKUMARSYNF,20070619,90,91.45,88.4,90.8,2486595,0
SKUMARSYNF,20070620,91.4,92.75,89.3,90.75,1343211,0
SKUMARSYNF,20070621,90.25,91.2,89,89.6,657510,0
SKUMARSYNF,20070622,89.95,91.1,89,90.25,755849,0
SKUMARSYNF,20070625,91.5,92,90.1,91.45,1173135,0
SKUMARSYNF,20070626,91.9,94,91.5,93.15,1984314,0
SKUMARSYNF,20070627,93.5,99.35,92.8,98.6,3453110,0
SKUMARSYNF,20070628,99,104,99,103.45,4861775,0
SKUMARSYNF,20070629,104.45,104.45,99.75,101.75,2570817,0
SKUMARSYNF,20070702,102.05,103.9,100.2,102.45,548548,0
SKUMARSYNF,20070703,104,112.55,103.5,109.7,2234924,0
SKUMARSYNF,20070704,110.9,115.9,107.4,112.1,3050921,0
SKUMARSYNF,20070705,111.6,114.4,108.75,110.65,1335330,0
SKUMARSYNF,20070706,110.5,112.5,108.65,111.1,701422,0
SKUMARSYNF,20070709,111.9,111.9,107.55,108,776361,0
SKUMARSYNF,20070710,111,111,106,109.6,929652,0
SKUMARSYNF,20070711,107.4,111.95,107.4,109.55,658659,0
SKUMARSYNF,20070712,109.5,112.25,109.1,110.55,377028,0
SKUMARSYNF,20070713,112,113,106.2,109.8,941168,0
SKUMARSYNF,20070716,110,111,106.25,106.8,986890,0
SKUMARSYNF,20070717,107.9,108.9,103,105.45,4229774,1985153
SKUMARSYNF,20070718,106.5,106.8,101.05,103,1155841,472577
SKUMARSYNF,20070719,103.9,105.75,103.2,104.9,594871,0
SKUMARSYNF,20070720,104,106,102.5,104.7,966487,0
SKUMARSYNF,20070723,104.5,105.75,102.6,105.25,493292,0
SKUMARSYNF,20070724,105.4,107.4,103.3,105.05,1543153,0
SKUMARSYNF,20070725,104.8,104.9,102,102.95,801924,0
SKUMARSYNF,20070726,104.7,104.7,100.55,102.45,2377375,0
SKUMARSYNF,20070727,103.6,105,96.75,101.05,1243353,0
SKUMARSYNF,20070730,101,101.7,98.7,100.75,744504,0
SKUMARSYNF,20070731,101.5,107.5,101.4,106.35,1572867,0
SKUMARSYNF,20070801,105.75,106.55,97.15,99.1,1202008,0
SKUMARSYNF,20070802,101,103.35,99.35,101.15,912777,0
SKUMARSYNF,20070803,102.9,106.35,101.5,105.45,1284399,0
SKUMARSYNF,20070806,103.1,104.35,102,103.8,140053,0
SKUMARSYNF,20070807,105.4,106,101.75,102.9,421199,0
SKUMARSYNF,20070808,103.8,105.25,103.05,103.8,275726,0
SKUMARSYNF,20070809,104.9,108.2,101.6,102.55,1505418,0
SKUMARSYNF,20070810,102.5,102.5,97.05,101.6,270318,0
SKUMARSYNF,20070813,102.9,104.3,101.85,103.7,312144,0
SKUMARSYNF,20070814,104,104.7,100.7,103.35,340080,0
SKUMARSYNF,20070816,97,101,97,98.95,282693,152951
SKUMARSYNF,20070817,99,100.7,88.1,99.05,3782816,1856877
SKUMARSYNF,20070820,101.2,103,97.35,98.55,1405017,850866
SKUMARSYNF,20070821,98,98.5,93.15,96.2,850927,492380
SKUMARSYNF,20070822,97.5,99,91.65,97.4,367193,122637
SKUMARSYNF,20070823,99,103.1,97.65,99.1,1329247,740136
SKUMARSYNF,20070824,98.05,100.9,97.55,98.8,291254,122314
SKUMARSYNF,20070827,100,104.7,99.4,102.6,537959,292120
SKUMARSYNF,20070828,101,111.5,100.5,110.75,3509910,1649630
SKUMARSYNF,20070829,110,112.4,105.7,108.9,4397045,1357421
SKUMARSYNF,20070830,110,111,106.7,107.95,866107,297710
SKUMARSYNF,20070831,110,110,107.05,109.1,1075144,500522
SKUMARSYNF,20070903,110,111.4,107.7,109,549097,114169
SKUMARSYNF,20070904,109.85,114.25,109.25,110.45,1429058,459513
SKUMARSYNF,20070905,111,111.9,107.5,108.1,324194,125673
SKUMARSYNF,20070906,107.85,108.8,107.1,107.8,490349,294468
SKUMARSYNF,20070907,109.8,109.8,105.55,107.45,427753,199741
SKUMARSYNF,20070910,107,110.15,106.05,109.75,898946,291473
SKUMARSYNF,20070911,110.1,112,108,109.35,526847,185009
SKUMARSYNF,20070912,110,110.35,108,108.5,152353,64536
SKUMARSYNF,20070913,108.5,112.3,108.2,111.5,1570462,0
SKUMARSYNF,20070914,112.05,114.6,109.15,110.3,1144875,277958
SKUMARSYNF,20070917,110.9,112.65,109.8,110.5,551878,105352
SKUMARSYNF,20070918,111,114,110,113.3,541137,133662
SKUMARSYNF,20070919,115.7,117.9,113.7,116.5,1824742,680430
SKUMARSYNF,20070920,116.55,117.5,114.7,115.8,394604,227238
SKUMARSYNF,20070921,116.5,116.5,112.55,113.35,144761,48623
SKUMARSYNF,20070924,114.7,119.45,111.2,118.35,881625,550946
SKUMARSYNF,20070925,122.5,122.5,113.8,116.85,1504827,981841
SKUMARSYNF,20070926,118.9,119.5,114.05,114.9,364977,0
SKUMARSYNF,20070927,115.4,117.95,110.75,112.85,1220366,0
SKUMARSYNF,20070928,114,115.7,112.65,113.55,554423,359748
SKUMARSYNF,20071001,114.9,118.9,113.25,117.9,1322468,876285
SKUMARSYNF,20071003,120,120,112.5,113.95,1730376,1283621
SKUMARSYNF,20071004,114,116.7,111.15,115.6,832802,529328
SKUMARSYNF,20071005,115,117.5,113.1,115.05,698365,372287
SKUMARSYNF,20071008,115.9,115.9,107.05,111.7,415849,210424
SKUMARSYNF,20071009,112,117,108.5,113.7,709378,0
SKUMARSYNF,20071010,116,116,112.1,112.6,396182,305286
SKUMARSYNF,20071011,114,121,113,119.65,2452868,1568192
SKUMARSYNF,20071012,122,123.6,116.5,119.4,803741,226470
SKUMARSYNF,20071015,121,125.6,120,124.45,519930,182940
SKUMARSYNF,20071016,125,125.05,121.5,123.65,183341,42039
SKUMARSYNF,20071017,122.8,122.8,100.5,116.9,332691,186320
SKUMARSYNF,20071018,124,124,110.1,113.7,737083,334784
SKUMARSYNF,20071019,115,119.3,110,118,1394729,999836
SKUMARSYNF,20071022,117,121.5,111.2,118.65,246386,81440
SKUMARSYNF,20071023,121.9,124.8,118,123.05,260555,95040
SKUMARSYNF,20071024,125.9,125.9,120.85,122.2,627979,312343
SKUMARSYNF,20071025,123.5,135.6,123,130.85,2284075,1217504
SKUMARSYNF,20071026,132.4,135.85,128,131.5,418056,195564
SKUMARSYNF,20071029,131,135.2,127.75,132.9,721160,390266
SKUMARSYNF,20071030,132.9,132.9,126.3,128.7,928502,592178
SKUMARSYNF,20071031,130.7,138.35,127.5,135.65,1062322,704192
SKUMARSYNF,20071101,139.9,142.05,130.15,131.9,503894,233206
SKUMARSYNF,20071102,131,136.2,127.1,135.5,1172390,823914
SKUMARSYNF,20071105,137,137,130.1,131.7,236152,0
SKUMARSYNF,20071106,132,138.2,132,133.35,1876398,0
SKUMARSYNF,20071107,136.5,141.85,129,138.65,490099,296182
SKUMARSYNF,20071108,136,139.25,134,136.95,360823,176286
SKUMARSYNF,20071109,137,139.5,135,138.1,185286,0
SKUMARSYNF,20071112,137,137,131.5,134.35,292990,0
SKUMARSYNF,20071113,135,140.4,134,137.5,624257,0
SKUMARSYNF,20071114,139.5,148.8,136.55,142.65,1570885,856776
SKUMARSYNF,20071115,142.15,147.8,142.15,145.85,203347,0
SKUMARSYNF,20071116,145,177.9,143.5,163.25,2045632,0
SKUMARSYNF,20071119,164,172,157,158.35,1597660,1124721
SKUMARSYNF,20071120,157.65,164,154.3,158.8,855479,552338
SKUMARSYNF,20071121,159,161,147,148.9,885817,405191
SKUMARSYNF,20071122,148,152.5,140.25,148.65,1963933,1509468
SKUMARSYNF,20071123,152.5,153.9,143.25,145.95,391432,231875
SKUMARSYNF,20071126,145,155,141.25,147.85,279093,165219
SKUMARSYNF,20071127,150,156.3,143.1,151.15,1556509,585919
SKUMARSYNF,20071128,153.8,158.55,147.6,152.95,1508486,828402
SKUMARSYNF,20071129,157.5,157.5,143.25,147.55,1245374,829275
SKUMARSYNF,20071130,149.9,151.8,147.25,148.25,691855,468885
SKUMARSYNF,20071203,150,152,146.15,147.6,998578,789454
SKUMARSYNF,20071204,149.9,153,148,150.65,935201,404490
SKUMARSYNF,20071205,151.9,158,150.8,156.6,958448,523262
SKUMARSYNF,20071206,158,160.55,152.5,154.6,1084805,393181
SKUMARSYNF,20071207,156,157,149.65,150.4,453534,338327
SKUMARSYNF,20071210,150,152.95,149.6,150.95,557388,338966
SKUMARSYNF,20071211,152.5,157.2,151.35,156.35,881813,472266
SKUMARSYNF,20071212,156,165.85,151.1,164.7,1434335,414378
SKUMARSYNF,20071213,167.55,167.8,160,160.8,547740,219306
SKUMARSYNF,20071214,164,166.1,160.25,161.5,435696,145816
SKUMARSYNF,20071217,163,167,152.05,156.45,809813,230448
SKUMARSYNF,20071218,157.85,159.9,151.2,156.25,181649,57989
SKUMARSYNF,20071219,157.5,162.9,154.15,157,396195,220805
SKUMARSYNF,20071220,160,160,150.15,150.95,324095,195114
SKUMARSYNF,20071224,153.5,157,151.1,155,495782,340976
SKUMARSYNF,20071226,156.5,159.9,153.5,156.45,545455,0
SKUMARSYNF,20071227,158.9,158.9,153.2,155.55,632589,0
SKUMARSYNF,20071228,154.2,162,154.2,160.15,896116,0
SKUMARSYNF,20071231,165,172.5,162,165.6,912389,331792
SKUMARSYNF,20080101,167.95,167.95,162,165.55,386108,224055
SKUMARSYNF,20080102,166.95,167.5,162.35,164.35,391087,211246
SKUMARSYNF,20080103,162.2,164.95,159.65,161.7,511691,301866
SKUMARSYNF,20080104,162.9,164,158.25,159.8,628970,432701
SKUMARSYNF,20080107,159,163.2,157.65,159.45,507469,294386
SKUMARSYNF,20080108,159.25,161.8,153,156.1,737176,450707
SKUMARSYNF,20080109,156,165,153.2,162.4,1458922,644254
SKUMARSYNF,20080110,164,170.85,156.3,158.1,2360735,927886
SKUMARSYNF,20080111,160,160,151,156.45,1675000,821942
SKUMARSYNF,20080114,155.25,159.2,153.7,154.7,983995,686321
SKUMARSYNF,20080115,157.5,159.4,153.5,155.15,875117,326989
SKUMARSYNF,20080116,153.1,155.8,150,152.3,285910,84096
SKUMARSYNF,20080117,152.85,157.3,151.1,152.15,346333,0
SKUMARSYNF,20080118,148.25,154.2,141,150.6,933108,0
SKUMARSYNF,20080121,151,151,110,130.05,1763531,0
SKUMARSYNF,20080122,112,124.75,90,101.6,2029283,0
SKUMARSYNF,20080123,111,130,103.6,125.6,530882,0
SKUMARSYNF,20080124,128.95,129,104.5,115,1056649,711858
SKUMARSYNF,20080125,118,127,115,125.5,1241134,1100454
SKUMARSYNF,20080128,120,122,115.3,120.15,469132,353563
SKUMARSYNF,20080129,124.3,128.5,121.5,126.6,1014402,817926
SKUMARSYNF,20080130,125.9,135.4,125.9,134.15,1863866,0
SKUMARSYNF,20080131,133,140.8,120.65,131.55,1831602,928270
SKUMARSYNF,20080201,133,138.4,126,136.15,518437,208198
SKUMARSYNF,20080204,137,149,137,145.75,437011,195097
SKUMARSYNF,20080205,144.1,150.75,144.1,147.1,792999,563947
SKUMARSYNF,20080206,145,149,141.15,146.65,360727,132531
SKUMARSYNF,20080207,148,152.7,143,146.55,305115,136170
SKUMARSYNF,20080208,142,148.4,139.1,146.35,210125,92571
SKUMARSYNF,20080211,147.95,152,131.15,138.5,1029693,662189
SKUMARSYNF,20080212,138.05,150,128,135.4,141182,67023
SKUMARSYNF,20080213,137,141.95,133.05,136.7,115268,50719
SKUMARSYNF,20080214,140,146,140,142.85,105443,62727
SKUMARSYNF,20080215,138.6,149.4,138.6,147.3,134533,46678
SKUMARSYNF,20080218,148.95,151.75,146.55,150.95,311160,194258
SKUMARSYNF,20080219,151.75,156.4,151,152.45,494406,267773
SKUMARSYNF,20080220,150,151.9,147.1,150.15,299582,195268
SKUMARSYNF,20080221,151,155.65,150.5,152.55,550905,328956
SKUMARSYNF,20080222,149,154,147.5,152.85,450705,362878
SKUMARSYNF,20080225,153.5,154.8,148.6,152.1,334410,183955
SKUMARSYNF,20080226,151,156.5,150.1,155.45,335204,203863
SKUMARSYNF,20080227,156,160.8,154,156.35,410262,148650
SKUMARSYNF,20080228,156.9,156.9,149.1,151.5,958767,697207
SKUMARSYNF,20080229,149.3,156.5,147,154.7,521138,248966
SKUMARSYNF,20080303,153.5,153.5,145.25,149.05,128297,48954
SKUMARSYNF,20080304,149,151.9,138,148.5,557853,91642
SKUMARSYNF,20080305,149.7,150.95,144.15,150,570834,452605
SKUMARSYNF,20080307,147.75,148.5,140,145.75,371693,149365
SKUMARSYNF,20080310,143,150.25,140.9,147.05,888612,535666
SKUMARSYNF,20080311,145.4,150.25,145.3,148.35,97368,20256
SKUMARSYNF,20080312,148,157,148,155.35,644874,461260
SKUMARSYNF,20080313,151,152,144.05,148.5,357593,216033
SKUMARSYNF,20080314,150,153,149,151.65,261387,119288
SKUMARSYNF,20080317,148.25,148.5,140.1,143.4,2923888,2804277
SKUMARSYNF,20080318,141,141,124,133.7,1734768,856086
SKUMARSYNF,20080319,135,139.8,105.3,113.65,998866,439064
SKUMARSYNF,20080324,115,117,79.05,84,10923502,4150296
SKUMARSYNF,20080325,85,99.9,83.1,92.95,8279854,1932936
SKUMARSYNF,20080326,92.05,96.5,85.5,88.1,3600366,877762
SKUMARSYNF,20080327,85.65,89.35,84,85.05,4021243,2215095
SKUMARSYNF,20080328,86.1,90.7,85.7,89,3722451,1500453
SKUMARSYNF,20080331,88.1,94.4,85.05,88.5,2982087,785579
SKUMARSYNF,20080401,89.7,91.45,85.1,88.2,2522546,867973
SKUMARSYNF,20080402,90.85,92.5,86.65,87.85,2321767,1238503
SKUMARSYNF,20080403,87.9,95.85,85.65,93.4,3265020,823659
SKUMARSYNF,20080404,91.9,95.4,88.2,88.85,2895002,565122
SKUMARSYNF,20080407,89.9,93.35,87.6,91.5,1878814,453099
SKUMARSYNF,20080408,91.4,102.3,91.4,100.5,8845900,1179064
SKUMARSYNF,20080409,102.3,105.7,98.75,100.95,5092860,811237
SKUMARSYNF,20080410,101.45,103.5,99.15,99.85,1935827,376247
SKUMARSYNF,20080411,100.35,103.35,98.75,101.1,1930200,352831
SKUMARSYNF,20080415,101.6,103.7,99.9,101.45,1771624,565842
SKUMARSYNF,20080416,102.85,111.2,101.65,108.5,5196644,982180
SKUMARSYNF,20080417,111,115,110.05,114.45,4124345,1507664
SKUMARSYNF,20080421,115.95,116.9,112,114.25,2275527,1172145
SKUMARSYNF,20080422,113.9,115.8,111.6,112.95,2111008,1301557
SKUMARSYNF,20080423,115,121.7,105.05,106.55,7925012,3280857
SKUMARSYNF,20080424,99.6,106.4,81.25,104.35,5394935,0
SKUMARSYNF,20080425,104.4,106.7,101.3,103.55,1037156,0
SKUMARSYNF,20080428,105.4,105.8,101.05,101.85,356515,0
SKUMARSYNF,20080429,102.95,105.3,101.65,103.2,430098,0
SKUMARSYNF,20080430,102.5,106.5,102.5,105.4,848254,0
SKUMARSYNF,20080502,106.9,109.9,105.15,107.05,1179076,1482659
SKUMARSYNF,20080505,107.1,108.4,104.1,104.6,923877,587456
SKUMARSYNF,20080506,107.8,107.8,103.5,104.55,404936,147471
SKUMARSYNF,20080507,105.9,112.95,104,111,1251816,520511
SKUMARSYNF,20080508,111,113.5,107.55,112.7,1246581,252135
SKUMARSYNF,20080509,114.8,115.45,108,110,1414298,376554
SKUMARSYNF,20080512,108.25,110.6,104.75,109.45,600123,112856
SKUMARSYNF,20080513,109.2,114.8,105.1,107.4,913627,246094
SKUMARSYNF,20080514,105.5,110,104.3,108.75,921471,381731
SKUMARSYNF,20080515,109.25,112.5,109.25,110.75,733940,272531
SKUMARSYNF,20080516,111.05,113.7,110.2,113.15,604816,246627
SKUMARSYNF,20080520,111.9,119.95,111.9,119.25,2564937,1147244
SKUMARSYNF,20080521,118.05,122,112,118.95,1199406,215870
SKUMARSYNF,20080522,118,118.7,113.5,114.6,374273,95802
SKUMARSYNF,20080523,114.1,115.9,111.55,112.65,278747,95995
SKUMARSYNF,20080526,111,111.95,107.5,109.8,512775,307030
SKUMARSYNF,20080527,109.55,111.75,105.05,109.75,786450,434032
SKUMARSYNF,20080528,110.05,116.4,110.05,114.4,890393,455074
SKUMARSYNF,20080529,116,117.9,113.1,114.2,1221384,870225
SKUMARSYNF,20080530,116,116.8,110.8,113.8,626415,309382
SKUMARSYNF,20080602,110.05,114.4,108.1,110.05,154432,57024
SKUMARSYNF,20080603,108,109.95,103.05,104.3,442288,244568
SKUMARSYNF,20080604,106.65,108,97.05,99.5,925587,284413
SKUMARSYNF,20080605,97.15,104.8,97.15,103.35,465338,141535
SKUMARSYNF,20080606,104.5,106,99.1,100.85,608050,320139
SKUMARSYNF,20080609,98.1,101,95.1,98,315116,163333
SKUMARSYNF,20080610,97.2,98.9,92.55,95,681118,454663
SKUMARSYNF,20080611,96,96.7,92.9,94.95,670151,379377
SKUMARSYNF,20080612,91.2,107.85,91.2,106.45,1313920,352809
SKUMARSYNF,20080613,107,112.7,105.5,110.4,1353941,349293
SKUMARSYNF,20080616,112.9,113.5,108,110.4,477153,168567
SKUMARSYNF,20080617,110.1,115.9,110.1,114.95,531296,160291
SKUMARSYNF,20080618,124.9,124.9,113.8,114.65,748944,327792
SKUMARSYNF,20080619,114,118.5,113.25,115.55,955294,360775
SKUMARSYNF,20080620,117,118.65,106.5,107.55,961052,361645
SKUMARSYNF,20080623,107.55,114.8,102.95,105.7,1204116,317548
SKUMARSYNF,20080624,106.8,108.75,105.2,106.9,589448,235017
SKUMARSYNF,20080625,105.5,112.8,105,107,1105719,604797
SKUMARSYNF,20080626,107.5,108.95,96.3,97.5,2307252,1506608
SKUMARSYNF,20080627,98,98,79.15,80.65,3644206,1324121
SKUMARSYNF,20080630,82.8,83.85,73.2,81.05,4081675,2700427
SKUMARSYNF,20080701,73.35,82.7,72.9,75.3,898666,247361
SKUMARSYNF,20080702,76.5,79.5,72.1,77.4,633035,178178
SKUMARSYNF,20080703,76.4,76.4,65.15,69.2,583791,209116
SKUMARSYNF,20080704,68.4,72.8,66.8,71,473960,123657
SKUMARSYNF,20080707,71.75,74.4,68.1,70.45,430751,99581
SKUMARSYNF,20080708,68.05,70.5,64.65,69.35,340963,59775
SKUMARSYNF,20080709,72,75.5,70.1,71.65,277647,58727
SKUMARSYNF,20080710,71.45,74.5,70.25,72.55,1191136,842452
SKUMARSYNF,20080711,73,76.4,70.05,71.2,466229,78394
SKUMARSYNF,20080714,69.2,72,69,70.25,144071,33255
SKUMARSYNF,20080715,69,70.75,67.55,68.4,97267,38907
SKUMARSYNF,20080716,68.1,70.9,52.2,62.7,3802476,990906
SKUMARSYNF,20080717,60,68.7,58.25,65.7,777908,115105
SKUMARSYNF,20080718,60,69.5,60,68.2,425722,147818
SKUMARSYNF,20080721,69,69,65.6,66.95,153428,40357
SKUMARSYNF,20080722,67,70.55,65.35,67.85,315608,79251
SKUMARSYNF,20080723,71,72.95,69.6,72.2,530489,0
SKUMARSYNF,20080724,72,75.4,69.5,70.25,585273,409887
SKUMARSYNF,20080725,69.2,73.85,68.15,72.65,247819,89302
SKUMARSYNF,20080728,72.5,75.8,72.1,73.95,431312,156969
SKUMARSYNF,20080729,72.9,74.8,71.1,71.95,134837,43428
SKUMARSYNF,20080730,72.9,74,71.8,73.25,590029,413071
SKUMARSYNF,20080731,73,74.3,69.15,69.8,419322,254619
SKUMARSYNF,20080801,70,72.45,68.55,71.05,389857,175789
SKUMARSYNF,20080804,71.9,73.3,70.3,72.4,238190,92917
SKUMARSYNF,20080805,72.1,75,71.55,73.85,492865,238029
SKUMARSYNF,20080806,74.95,77,74.1,74.5,424678,214988
SKUMARSYNF,20080807,74.8,79.7,74,75,915267,322498
SKUMARSYNF,20080808,75.8,76.7,73.65,74.15,200053,52556
SKUMARSYNF,20080811,75.25,76.5,73.2,74.45,224450,70842
SKUMARSYNF,20080812,74.8,75,73.4,73.95,97111,35388
SKUMARSYNF,20080813,73.05,75,72.65,73.9,133176,59361
SKUMARSYNF,20080814,73.95,73.95,69.75,70.2,175966,91939
SKUMARSYNF,20080818,71,71,67.2,67.75,119345,61009
SKUMARSYNF,20080819,65.1,68.4,64,66,209353,100453
SKUMARSYNF,20080820,66.95,68.9,66.05,68.05,332653,196878
SKUMARSYNF,20080821,68,70.25,66.15,66.85,407465,192171
SKUMARSYNF,20080822,66.2,67.6,66,66.45,83416,41679
SKUMARSYNF,20080825,68,69,66.45,67.65,1054837,974581
SKUMARSYNF,20080826,67,67.6,66,67.15,108850,26347
SKUMARSYNF,20080827,68.05,68.05,65.4,65.65,69710,40460
SKUMARSYNF,20080828,64.6,66.95,62.1,63.15,294541,189517
SKUMARSYNF,20080829,63.25,69.35,63.25,68.9,1605434,1124303
SKUMARSYNF,20080901,63.2,71.25,63.2,69.6,411303,142061
SKUMARSYNF,20080902,69.6,71.8,67.85,70.4,291966,109495
SKUMARSYNF,20080904,69.15,70.15,68.8,69.85,173257,87601
SKUMARSYNF,20080905,68.95,68.95,67.5,68,89975,18470
SKUMARSYNF,20080908,70,70,68.5,68.85,98028,44834
SKUMARSYNF,20080909,68.05,69.7,68,68.95,41540,21973
SKUMARSYNF,20080910,68,70.2,67.15,68.15,93597,35747
SKUMARSYNF,20080911,66.4,68.15,65.6,66.75,70353,30319
SKUMARSYNF,20080912,67.75,68.6,65.3,66.45,276864,98079
SKUMARSYNF,20080915,64.2,65,58.05,60.85,257897,111820
SKUMARSYNF,20080916,59,60,56.5,59.6,188013,96067
SKUMARSYNF,20080917,60.1,62,59.6,60.6,272452,152079
SKUMARSYNF,20080918,58,58,52,55.65,325869,150300
SKUMARSYNF,20080919,58.9,58.9,55.65,56.25,203618,111566
SKUMARSYNF,20080922,57.35,58,56,56.4,223962,112620
SKUMARSYNF,20080923,56,57.5,55.05,56.8,378369,222314
SKUMARSYNF,20080924,56.8,58,55.25,56.6,602789,321192
SKUMARSYNF,20080925,56,57,53.5,54.6,628857,452995
SKUMARSYNF,20080926,54.65,55.5,50.55,52.4,445611,354311
SKUMARSYNF,20080929,51.5,51.5,44.75,46.8,335170,173698
SKUMARSYNF,20080930,45.1,45.1,42.1,43.05,976892,553242
SKUMARSYNF,20081001,44.25,45,42.4,43.7,782520,479576
SKUMARSYNF,20081003,42,44.8,38.3,38.9,750563,278616
SKUMARSYNF,20081006,37,37,28.05,29.3,4195745,2940056
SKUMARSYNF,20081007,30,31.65,28.2,30.35,1292007,550892
SKUMARSYNF,20081008,29.1,29.5,22.8,23.95,2202879,809458
SKUMARSYNF,20081010,21.25,23.7,20.1,20.85,2024124,1090724
SKUMARSYNF,20081013,22.1,33.3,21.55,31.9,3678625,1573767
SKUMARSYNF,20081014,35,39.9,33.35,34.65,5987185,1507288
SKUMARSYNF,20081015,33.6,36.2,32.2,34.05,2725186,561409
SKUMARSYNF,20081016,30,36.8,27.25,33.15,1881040,533678
SKUMARSYNF,20081017,34.8,35.5,25.9,26.6,2452377,1046100
SKUMARSYNF,20081020,27.8,29.5,26,26.5,1695445,576489
SKUMARSYNF,20081021,28,28.55,25.8,26.1,979503,338622
SKUMARSYNF,20081022,26.1,26.4,23.05,23.3,1479356,779472
SKUMARSYNF,20081023,22,26,20.55,24.35,1767032,429135
SKUMARSYNF,20081024,23.6,25.9,20.5,21.3,1381390,591006
SKUMARSYNF,20081027,21.2,23.8,19.6,23.1,1495345,720626
SKUMARSYNF,20081028,25.5,26.85,24.7,25.7,423543,265263
SKUMARSYNF,20081029,27.5,28.35,24.8,27.1,1891111,1164197
SKUMARSYNF,20081031,28.75,29.75,26.55,28.95,1003259,519210
SKUMARSYNF,20081103,29.3,32,29.05,30.55,1068623,429852
SKUMARSYNF,20081104,30.8,30.8,28.05,29.95,1426080,579450
SKUMARSYNF,20081105,30.5,31.85,27.1,27.9,1524936,0
SKUMARSYNF,20081106,26.3,31.1,26.1,28.6,1681339,0
SKUMARSYNF,20081107,27.35,30.25,27.35,28.85,541182,145029
SKUMARSYNF,20081110,30.5,30.65,29.05,29.35,613721,207643
SKUMARSYNF,20081111,28.7,29.4,26.5,27,369416,173808
SKUMARSYNF,20081112,27,27.45,25.7,26.1,418346,104605
SKUMARSYNF,20081114,26.9,27.5,25,25.2,270108,108656
SKUMARSYNF,20081117,25.5,25.6,24.05,24.75,205192,76481
SKUMARSYNF,20081118,24.2,25,23.2,23.9,117362,48163
SKUMARSYNF,20081119,24,24.6,22.35,22.85,199404,84612
SKUMARSYNF,20081120,21.3,22.7,21.1,22.2,140301,63008
SKUMARSYNF,20081121,22,23.45,21.8,23,209051,70747
SKUMARSYNF,20081124,23,23.95,22.5,23.35,104062,44841
SKUMARSYNF,20081125,23.9,24.2,21.7,22.45,128402,54381
SKUMARSYNF,20081126,22.6,22.9,22,22.6,155719,89573
SKUMARSYNF,20081128,22.3,23.5,21.3,22.1,290817,91855
SKUMARSYNF,20081201,22.25,22.6,21,21.2,271223,116593
SKUMARSYNF,20081202,21,21.35,20.2,21.05,187875,74712
SKUMARSYNF,20081203,22,22.7,21.1,21.4,266879,118378
SKUMARSYNF,20081204,21.7,22.35,21.25,21.9,402791,209622
SKUMARSYNF,20081205,22.05,24.5,21.7,22.1,668489,261688
SKUMARSYNF,20081208,23.8,24.95,22.85,23.25,821884,441430
SKUMARSYNF,20081210,23.9,25,23.25,24.5,454014,194345
SKUMARSYNF,20081211,24.5,25.2,23.4,23.65,540683,263520
SKUMARSYNF,20081212,23.2,26.1,23,24.3,1596383,669003
SKUMARSYNF,20081215,25.4,25.65,24.15,24.45,3402838,2661005
SKUMARSYNF,20081216,24.9,28.9,24.8,28.55,4777018,1357442
SKUMARSYNF,20081217,29,29.75,24.7,25.2,3253887,1137419
SKUMARSYNF,20081218,25,26.7,24.7,26.25,1325722,308806
SKUMARSYNF,20081219,26,27.35,25.5,26.1,1039259,304400
SKUMARSYNF,20081222,26.5,26.95,25.2,25.55,848546,321633
SKUMARSYNF,20081223,25.5,25.8,24.05,24.35,942615,525332
SKUMARSYNF,20081224,24.5,24.55,23.4,23.8,1262333,770706
SKUMARSYNF,20081226,24,24.8,23,23.2,632259,256626
SKUMARSYNF,20081229,23,23.75,22.6,23.5,332095,110541
SKUMARSYNF,20081230,23.65,24.6,23.25,24.4,545844,316365
SKUMARSYNF,20081231,24.7,25.1,23.85,23.95,559678,325960
SKUMARSYNF,20090101,24.5,25.9,24.25,25.6,774647,307239
SKUMARSYNF,20090102,25.8,27.2,25.35,26.25,1131125,349563
SKUMARSYNF,20090105,26.45,28.15,26,27.8,2346488,976873
SKUMARSYNF,20090106,27.55,28.65,25.75,26.9,1908588,676261
SKUMARSYNF,20090107,27,27.9,22.5,23.1,976697,465629
SKUMARSYNF,20090109,22,23.8,21,22.9,484176,258734
SKUMARSYNF,20090112,24,24,22.25,22.45,421036,176327
SKUMARSYNF,20090113,22.5,23.45,21.35,21.55,430200,189297
SKUMARSYNF,20090114,22.15,22.4,21.6,21.8,634966,449292
SKUMARSYNF,20090115,21.5,21.5,20.05,20.95,465396,348975
SKUMARSYNF,20090116,21.1,21.55,20.85,21,570425,391881
SKUMARSYNF,20090119,21.15,22,21,21.2,245109,112679
SKUMARSYNF,20090120,20.8,21,20.55,20.7,226335,144672
SKUMARSYNF,20090121,20.5,21.1,20,20.25,238519,129803
SKUMARSYNF,20090122,20.45,20.85,18.4,19.3,627515,410509
SKUMARSYNF,20090123,19,19.45,18.5,19.15,436089,270437
SKUMARSYNF,20090127,19,20.1,18.95,19.2,956681,642120
SKUMARSYNF,20090128,19.2,20,18.75,19.8,702488,472570
SKUMARSYNF,20090129,20.1,21.25,18.7,18.85,1123095,574949
SKUMARSYNF,20090130,19,20,18.5,19.8,650651,370941
SKUMARSYNF,20090202,19.85,20.25,18.9,19.1,568537,284121
SKUMARSYNF,20090203,19.45,19.65,18.75,19,499018,214423
SKUMARSYNF,20090204,19.2,20.1,18.15,18.6,1402671,636472
SKUMARSYNF,20090205,18.75,20.15,18.1,18.25,2376880,857639
SKUMARSYNF,20090206,18.9,19.6,16.75,17.2,6696025,2899684
SKUMARSYNF,20090209,17.7,20.5,17.45,18.95,12508395,2132699
SKUMARSYNF,20090210,19.2,19.5,18.4,18.85,2374398,766919
SKUMARSYNF,20090211,18.5,19.9,18.25,19.75,3502871,1496970
SKUMARSYNF,20090212,19.95,21.7,19.6,20.45,6474977,1375883
SKUMARSYNF,20090213,21,21.4,20.55,20.7,2049711,759744
SKUMARSYNF,20090216,21.2,21.4,19.15,19.25,2376340,898206
SKUMARSYNF,20090217,19.25,19.6,18.3,18.5,1045923,433188
SKUMARSYNF,20090218,18.25,18.85,18.1,18.35,815420,271771
SKUMARSYNF,20090219,18.55,18.8,18.2,18.3,469305,174960
SKUMARSYNF,20090220,18.3,18.3,17.6,17.7,2046509,1263395
SKUMARSYNF,20090224,17.15,17.55,16.25,16.5,3040906,1393798
SKUMARSYNF,20090225,16.75,17.45,16.55,16.65,1530963,579769
SKUMARSYNF,20090226,16.9,17,16.15,16.35,1224438,696161
SKUMARSYNF,20090227,16.85,18.3,16.3,17.35,3796688,845497
SKUMARSYNF,20090302,17,17.2,15.85,16.15,963048,449342
SKUMARSYNF,20090303,16.2,16.7,15.5,15.65,1444578,743225
SKUMARSYNF,20090304,15.95,16.2,15.05,15.15,916398,468111
SKUMARSYNF,20090305,15.5,15.55,14,14.25,898676,422093
SKUMARSYNF,20090306,14,14.3,12.8,13.95,1885807,877496
SKUMARSYNF,20090309,14,14,13.1,13.3,1181619,726232
SKUMARSYNF,20090312,13.6,13.95,13.15,13.2,1374357,1018464
SKUMARSYNF,20090313,13.7,15.3,13.55,15,2239481,957311
SKUMARSYNF,20090316,15.25,15.3,14.6,14.9,1352202,632375
SKUMARSYNF,20090317,15,15.7,14.45,14.75,1832005,719663
SKUMARSYNF,20090318,14.95,15.6,14.8,14.9,1755609,686835
SKUMARSYNF,20090319,15.25,16.2,14.75,14.9,2639433,826567
SKUMARSYNF,20090320,14.7,15.35,14.65,14.9,1247076,478601
SKUMARSYNF,20090323,15.5,16.5,15.45,16.05,4602235,1725849
SKUMARSYNF,20090324,16.4,16.8,15.4,15.55,3844339,1593548
SKUMARSYNF,20090325,15.75,15.95,15.1,15.55,1842349,693806
SKUMARSYNF,20090326,15.85,19,15.65,17.55,12507256,3475580
SKUMARSYNF,20090327,17.85,20.85,17.85,20.25,13685996,3372417
SKUMARSYNF,20090330,20,25.1,19.25,22.4,23934298,3144426
SKUMARSYNF,20090331,22.9,24.45,22.1,22.7,17107006,2086029
SKUMARSYNF,20090401,23.1,23.4,21.6,21.8,4894005,1145862
SKUMARSYNF,20090402,22.45,23.5,22,22.3,5826534,1310983
SKUMARSYNF,20090406,22.5,24.5,22.1,24.1,10405107,2417252
SKUMARSYNF,20090408,24,25.4,23,24.6,6800881,1255358
SKUMARSYNF,20090409,25.6,26,23.35,23.65,6781934,2276367
SKUMARSYNF,20090413,24.4,26,23.55,25.05,7405103,2156108
SKUMARSYNF,20090415,24.5,26.65,24.25,25.6,6024590,1638506
SKUMARSYNF,20090416,25.5,29.25,24.1,24.95,14494951,4532686
SKUMARSYNF,20090417,25.95,29.25,25.65,28.45,14750216,2888407
SKUMARSYNF,20090420,30,31.45,28.25,29.7,14851105,2882583
SKUMARSYNF,20090421,29.1,30.6,28.7,29.1,7116568,1168778
SKUMARSYNF,20090422,28.6,28.9,26.1,26.8,6703149,1203165
SKUMARSYNF,20090424,26,28.2,25.75,27.55,4750087,1158513
SKUMARSYNF,20090427,27.4,28,25.25,25.85,3140383,0
SKUMARSYNF,20090428,25.85,26.9,24.3,24.6,3204115,706144
SKUMARSYNF,20090429,25.25,25.9,23.75,25.15,4096789,1622699
SKUMARSYNF,20090504,26.1,26.75,24.4,24.6,3492693,1781622
SKUMARSYNF,20090505,24.9,26.8,24.2,26,4659685,1322866
SKUMARSYNF,20090506,26.4,27.8,25.1,25.45,5154262,1434442
SKUMARSYNF,20090507,26.1,27,25.25,26.7,2518277,680231
SKUMARSYNF,20090508,27.2,27.75,25.8,27.2,5461895,1764459
SKUMARSYNF,20090511,27.6,27.7,25.05,25.35,2190482,812086
SKUMARSYNF,20090512,25.45,25.7,24.7,25.5,1260829,342006
SKUMARSYNF,20090513,25.85,27.1,25.4,25.65,2878276,793419
SKUMARSYNF,20090514,25,25.9,24.8,25.1,1067746,344529
SKUMARSYNF,20090515,25.65,26,24.65,24.9,1301278,693721
SKUMARSYNF,20090518,28,28.75,27,27.8,13810,13810
SKUMARSYNF,20090519,29,30,26.05,28.05,6182005,2639301
SKUMARSYNF,20090520,28.9,32.9,27.8,32.55,9000200,2168274
SKUMARSYNF,20090521,32.95,35.4,30.55,32.1,11326969,3952664
SKUMARSYNF,20090522,32.05,37.7,32.05,37.2,11508334,3164693
SKUMARSYNF,20090525,38.6,38.6,35.3,37.6,7387774,1583551
SKUMARSYNF,20090526,39,42,37,38.1,14847707,4454528
SKUMARSYNF,20090527,39.4,42.4,38.7,41.95,12880531,3382853
SKUMARSYNF,20090528,44,44,41.2,41.65,10248739,3114273
SKUMARSYNF,20090529,42.05,43.2,40.25,40.8,7030831,2039498
SKUMARSYNF,20090601,40.8,42,39.8,40.65,5158116,1491587
SKUMARSYNF,20090602,41,43.4,40.3,43.05,10628142,3701172
SKUMARSYNF,20090603,44,49.95,43,49.35,21969359,5692475
SKUMARSYNF,20090604,49.9,49.9,46.65,48,8354127,2076305
SKUMARSYNF,20090605,48.5,55.2,46.25,52.35,22834949,4318240
SKUMARSYNF,20090608,52.15,52.9,46.1,47.15,7823126,2573966
SKUMARSYNF,20090609,46.5,50.45,43.3,49.35,5497608,929277
SKUMARSYNF,20090610,50.8,52.45,48.2,51.05,9270195,1830912
SKUMARSYNF,20090611,51,52.5,49.25,51.05,5273320,994387
SKUMARSYNF,20090612,51.5,54.8,49.25,53.75,9306445,1931210
SKUMARSYNF,20090615,52.9,53.6,49.7,50.3,6569669,2038304
SKUMARSYNF,20090616,48,51.8,47.5,51.1,4315013,625419
SKUMARSYNF,20090617,51.25,51.75,45.25,45.95,3762246,1229502
SKUMARSYNF,20090618,46.05,47.8,43.5,45.5,3237256,608408
SKUMARSYNF,20090619,46,47.1,42.9,44.85,3461441,832349
SKUMARSYNF,20090622,45.2,45.8,42.8,43.25,2272116,795850
SKUMARSYNF,20090623,41.5,47.9,40.8,46.25,6767817,1365655
SKUMARSYNF,20090624,48,48.9,44.3,44.8,7219723,2701193
SKUMARSYNF,20090625,45.5,47.45,44.4,44.95,4460327,1445990
SKUMARSYNF,20090626,45.45,46.7,45.45,46.4,1531804,662625
SKUMARSYNF,20090629,48,48.65,47.05,47.65,2653653,908592
SKUMARSYNF,20090630,48,48.4,43.6,44.4,2062869,745666
SKUMARSYNF,20090701,45.4,46.4,44.05,45.35,1696075,442507
SKUMARSYNF,20090702,46,48.2,44.7,45.15,3111022,828762
SKUMARSYNF,20090703,45.1,46.8,44.8,46.15,1825413,762062
SKUMARSYNF,20090706,47,48.25,40.15,41.25,2854419,773237
SKUMARSYNF,20090707,41,42.4,39.3,40.35,1152625,0
SKUMARSYNF,20090708,40.6,43.45,36.2,40.45,3052230,801413
SKUMARSYNF,20090709,40.6,40.9,38.35,38.8,1342506,352153
SKUMARSYNF,20090710,40.9,40.9,35.25,36.3,855699,274176
SKUMARSYNF,20090713,35.9,36.75,33,33.8,1172058,443733
SKUMARSYNF,20090714,35.9,37,34.8,36.45,1540714,521309
SKUMARSYNF,20090715,36.9,38.85,36.8,38,2672030,1042121
SKUMARSYNF,20090716,39.7,41.4,37.25,37.85,1789121,0
SKUMARSYNF,20090717,38.5,39.1,38.1,38.6,1581623,740571
SKUMARSYNF,20090720,39.25,40.4,38.8,39.7,1929228,1096040
SKUMARSYNF,20090721,40,40.5,38.2,39.15,1673125,619231
SKUMARSYNF,20090722,39.5,40.4,38.5,38.85,1213749,436726
SKUMARSYNF,20090723,38.85,39.95,38.85,39.2,806449,308865
SKUMARSYNF,20090724,39.75,42,39.35,40.85,2580921,946280
SKUMARSYNF,20090727,41,43.7,41,42.3,2887227,1290530
SKUMARSYNF,20090728,43,46.9,42.8,46.4,3748518,1938934
SKUMARSYNF,20090729,46.25,47.35,43.5,45.05,2798246,962279
SKUMARSYNF,20090730,44.15,45.9,43.7,45.4,1761744,712158
SKUMARSYNF,20090731,46,46.9,44.2,45.7,1425352,495718
SKUMARSYNF,20090803,48.2,48.2,44.1,46.1,1095164,339996
SKUMARSYNF,20090804,48.15,48.15,45.55,46.05,1140840,387865
SKUMARSYNF,20090805,47.4,47.4,45.1,45.95,869932,263893
SKUMARSYNF,20090806,46.35,48.6,45.45,46.25,2878388,748986
SKUMARSYNF,20090807,45.65,48.9,45.1,45.85,2458087,706851
SKUMARSYNF,20090810,36.8,48.4,36.8,42.5,2435563,1549809
SKUMARSYNF,20090811,43,44.5,41.65,44.2,2178629,1335114
SKUMARSYNF,20090812,43,43.9,42.25,43.35,1552518,983219
SKUMARSYNF,20090813,44.4,45.45,43.9,45,1024938,360975
SKUMARSYNF,20090814,46.3,47.25,45.55,46,1362760,467571
SKUMARSYNF,20090817,45.65,45.65,43.65,44.15,726278,387589
SKUMARSYNF,20090818,44.4,47.35,44.1,46.5,1449917,511085
SKUMARSYNF,20090819,47,47.9,45.65,46.1,1172879,328250
SKUMARSYNF,20090820,46.5,50.35,46.3,49.5,2721649,1167663
SKUMARSYNF,20090821,49.9,51.65,49.15,50.55,4342588,1961323
SKUMARSYNF,20090824,51.3,51.45,49.75,50.25,1346047,649238
SKUMARSYNF,20090825,49.25,50.4,48.75,49.15,790009,340765
SKUMARSYNF,20090826,49.6,51.5,49.2,49.8,1617830,615628
SKUMARSYNF,20090827,50.5,52.5,49,49.4,3857454,940686
SKUMARSYNF,20090828,49.85,50.45,48.1,48.65,1559611,585886
SKUMARSYNF,20090831,48.1,49.5,47.55,47.9,729392,318903
SKUMARSYNF,20090901,48,48.9,45.5,46.75,1058377,437552
SKUMARSYNF,20090902,46.25,47.25,45.4,45.7,486380,169454
SKUMARSYNF,20090903,46.35,48.5,45.6,48.1,1403144,526666
SKUMARSYNF,20090904,49.4,50.45,48,48.4,2493233,693805
SKUMARSYNF,20090907,49.45,49.45,48.45,48.7,762792,295339
SKUMARSYNF,20090908,49.25,49.25,47.5,47.9,768499,306904
SKUMARSYNF,20090909,47.2,48.5,47.05,47.3,580969,200781
SKUMARSYNF,20090910,47.8,50,47.4,48.1,1483583,662740
SKUMARSYNF,20090911,48.75,54.15,48.3,52.2,16633477,5382644
SKUMARSYNF,20090914,51.5,52.25,49.75,50.65,3157710,895383
SKUMARSYNF,20090915,51,52.5,50.3,50.8,2844775,983099
SKUMARSYNF,20090916,51.65,53,50.8,51.15,2591471,919962
SKUMARSYNF,20090917,51.9,53.75,50.3,52.35,5149643,1597501
SKUMARSYNF,20090918,52.15,53.7,50.8,51.35,3157358,838065
SKUMARSYNF,20090922,51.95,52.1,50.15,50.65,1050810,460130
SKUMARSYNF,20090923,51.3,51.45,48.5,48.95,1064484,465370
SKUMARSYNF,20090924,48.5,49.5,47.8,49.05,976385,333009
SKUMARSYNF,20090925,48.8,50.4,48.2,48.85,1065548,311966
SKUMARSYNF,20090929,56,56,49.25,49.75,1535209,517213
SKUMARSYNF,20090930,49.9,50.95,49.5,49.7,1099816,382714
SKUMARSYNF,20091001,49.6,50.2,48.05,48.2,1198361,667840
SKUMARSYNF,20091005,48.05,48.7,45.6,46.1,1582269,704934
SKUMARSYNF,20091006,46.5,47.25,43.7,44.75,1367532,629139
SKUMARSYNF,20091007,45.2,46.2,43.85,44.2,1493630,592643
SKUMARSYNF,20091008,44.85,44.95,43.1,44.45,995851,379945
SKUMARSYNF,20091009,45.15,45.6,43.5,44,1358544,750927
SKUMARSYNF,20091012,44.5,44.55,42.7,43.05,1130071,629413
SKUMARSYNF,20091014,43.85,44.2,42.7,43,1491631,805971
SKUMARSYNF,20091015,43.55,45.5,43.3,44.4,2615848,1056079
SKUMARSYNF,20091016,45.5,45.5,44.1,44.3,1446480,705166
SKUMARSYNF,20091017,44.75,44.75,44.05,44.35,275719,171843
SKUMARSYNF,20091020,44.9,45,43.1,43.4,1229422,637946
SKUMARSYNF,20091021,43.3,43.75,41.65,41.95,1347649,811564
SKUMARSYNF,20091022,41.95,43.15,40.95,41.25,1229630,451967
SKUMARSYNF,20091023,41.85,42.45,41,41.2,820485,285270
SKUMARSYNF,20091026,41.65,43.2,40,42.4,1818829,706764
SKUMARSYNF,20091027,42.15,42.8,40.1,41.2,2123466,1066220
SKUMARSYNF,20091028,40.7,43.5,40,42.6,1227185,583752
SKUMARSYNF,20091029,42,44.8,41.6,43.3,2670199,931371
SKUMARSYNF,20091030,44.2,44.85,41.5,42,1389555,558637
SKUMARSYNF,20091103,42.5,42.6,37.5,38,969815,492177
SKUMARSYNF,20091104,39,39.8,37.65,39.3,914030,433506
SKUMARSYNF,20091105,40.35,42.5,38.65,41.8,1330082,343717
SKUMARSYNF,20091106,45,45,41.15,41.65,901419,320769
SKUMARSYNF,20091109,42.15,43.25,41,42.9,887442,318023
SKUMARSYNF,20091110,44.7,45.3,40.9,41.45,846735,338877
SKUMARSYNF,20091111,41.8,42.45,40.6,42.05,647940,228768
SKUMARSYNF,20091112,42.15,42.65,41.1,41.4,682320,262588
SKUMARSYNF,20091113,41.5,44.35,41,44.05,2941934,982473
SKUMARSYNF,20091116,44.9,45.4,43.6,44.55,2165938,718365
SKUMARSYNF,20091117,44.75,46,44,44.4,2841934,977772
SKUMARSYNF,20091118,44.9,45.6,44.15,44.35,1618098,637644
SKUMARSYNF,20091119,44.5,44.75,42.15,42.4,771867,274190
SKUMARSYNF,20091120,42.05,42.6,41.5,42.35,707303,236662
SKUMARSYNF,20091123,42.85,43.9,42.05,42.4,482162,189220
SKUMARSYNF,20091124,42.8,43.2,41.5,42.8,980573,356508
SKUMARSYNF,20091125,42.8,44.35,42,43.45,1174869,432217
SKUMARSYNF,20091126,43.25,44.15,42.3,42.6,2152468,1466898
SKUMARSYNF,20091127,42.05,42.05,40.3,41.4,2089807,1510699
SKUMARSYNF,20091130,42.6,42.8,41.65,42.15,980137,638583
SKUMARSYNF,20091201,42.8,44.15,42.6,43.2,1824401,1049101
SKUMARSYNF,20091202,43.6,45.15,43.15,44.3,1820792,977882
SKUMARSYNF,20091203,44,45,43.1,43.55,1146256,690991
SKUMARSYNF,20091204,43.75,44,42.75,43.45,981723,599888
SKUMARSYNF,20091207,43.9,43.95,42.75,42.95,1170546,817198
SKUMARSYNF,20091208,42.7,43.3,41.8,42.1,962472,0
SKUMARSYNF,20091209,41.85,42.4,40.8,40.95,1519669,817955
SKUMARSYNF,20091210,41.05,41.6,39.9,40.3,1566312,0
SKUMARSYNF,20091211,40.9,41.45,39.65,39.9,1219904,614476
SKUMARSYNF,20091214,40,40.35,39.35,39.65,640438,286801
SKUMARSYNF,20091215,39.85,40.7,38.85,39,723757,0
SKUMARSYNF,20091216,38.95,39.3,38.3,38.75,589392,212766
SKUMARSYNF,20091217,39,41,39,40,3127067,1276803
SKUMARSYNF,20091218,40.1,40.45,38.25,38.45,1138475,535339
SKUMARSYNF,20091221,38.85,39.5,38.45,38.8,740942,239641
SKUMARSYNF,20091222,39.1,39.45,38.75,38.9,561831,287850
SKUMARSYNF,20091223,38.9,39.3,38.75,39.1,771610,378003
SKUMARSYNF,20091224,39.5,40.1,39.3,39.55,847285,0
SKUMARSYNF,20091229,39.5,42.25,39.25,41.65,2749548,1262468
SKUMARSYNF,20091230,41.95,43.6,40.9,43.1,3008714,1114665
SKUMARSYNF,20091231,43.2,43.8,42.6,42.8,1542305,668976
SKUMARSYNF,20100104,43.2,43.95,42.85,43.65,1844487,0
SKUMARSYNF,20100105,44.25,44.55,43.5,43.75,1616331,0
SKUMARSYNF,20100106,44,44.15,42.8,43.1,1103087,612057
SKUMARSYNF,20100107,42.1,45.9,42.1,45.55,6007525,0
SKUMARSYNF,20100108,46.6,47.2,45.25,45.65,6116794,2576700
SKUMARSYNF,20100111,46.5,46.75,45.3,46.35,2451267,876784
SKUMARSYNF,20100112,47.2,47.5,44.1,44.4,3590307,1488578
SKUMARSYNF,20100113,44.05,44.05,42.1,42.95,3064661,1502579
SKUMARSYNF,20100114,43.4,44.85,43.4,44,2902052,1693254
SKUMARSYNF,20100115,44.4,44.4,42.8,43.05,1462784,671527
SKUMARSYNF,20100118,43,44.9,42.75,44.3,2184848,0
SKUMARSYNF,20100119,44.3,47,44.15,45.8,5153736,2294738
SKUMARSYNF,20100120,46.1,48.65,46,48.15,6414706,2927682
SKUMARSYNF,20100121,48,50.4,47.3,47.9,8696279,3105175
SKUMARSYNF,20100122,49.9,49.9,45.3,48.05,3569716,874541
SKUMARSYNF,20100125,48.5,49.2,47,48.1,1761935,670596
SKUMARSYNF,20100127,55,55,43.1,43.75,2376361,1095371
SKUMARSYNF,20100128,44.95,45.25,42.7,43.65,1257071,362334
SKUMARSYNF,20100129,43.95,44.8,42,44.3,1157877,393094
SKUMARSYNF,20100201,44.8,47.9,43.3,46.9,1774647,883180
SKUMARSYNF,20100202,48,48,44.1,44.4,1172914,421149
SKUMARSYNF,20100203,45.1,45.75,44.6,44.9,558797,170055
SKUMARSYNF,20100204,44.85,46.6,43.6,44.1,1210920,344500
SKUMARSYNF,20100205,42.95,43.4,42.05,42.3,752625,339124
SKUMARSYNF,20100206,43.4,43.4,41.75,42.9,220855,119789
SKUMARSYNF,20100208,43.2,43.75,42.05,43.05,907642,380074
SKUMARSYNF,20100209,44.5,44.5,42.5,43.5,561636,204405
SKUMARSYNF,20100210,44,44.7,42.65,42.9,974375,307074
SKUMARSYNF,20100211,43.85,44.3,43.15,43.85,645338,231847
SKUMARSYNF,20100215,44,44.5,43.65,43.95,432839,229724
SKUMARSYNF,20100216,43.95,45.8,43.7,45.25,754841,347832
SKUMARSYNF,20100217,46,46.5,45.6,46.05,750387,471304
SKUMARSYNF,20100218,46.25,48.5,46,48.1,1879458,1049337
SKUMARSYNF,20100219,41.5,49.7,41.5,49.05,2647958,1248081
SKUMARSYNF,20100222,49.5,49.7,46.8,47,1091770,580382
SKUMARSYNF,20100223,47,47.95,46.65,47.65,549065,271810
SKUMARSYNF,20100224,47,48.05,46.65,46.8,592860,295981
SKUMARSYNF,20100225,47.1,47.8,46.6,46.85,322076,143495
SKUMARSYNF,20100226,46.9,47.35,44.65,44.95,666766,261537
SKUMARSYNF,20100302,45.3,45.9,44.5,44.75,349019,197302
SKUMARSYNF,20100303,45.2,46.9,45.15,45.85,936791,472775
SKUMARSYNF,20100304,46.35,46.4,44.85,45.05,874120,401680
SKUMARSYNF,20100305,45.45,49.25,45.25,47.65,2255219,825075
SKUMARSYNF,20100308,48.2,49.25,47.5,48.8,1391603,763068
SKUMARSYNF,20100309,48.5,51.3,48.1,50.35,3175305,1135254
SKUMARSYNF,20100310,50.75,52.95,50.2,51.9,4009352,1579884
SKUMARSYNF,20100311,53,53,50.35,50.75,996927,353692
SKUMARSYNF,20100312,51,51,48.1,48.25,1055717,538988
SKUMARSYNF,20100315,48,48.15,46.65,47.1,1021086,356918
SKUMARSYNF,20100316,47.3,48.8,47.15,48.5,589357,200463
SKUMARSYNF,20100317,48.9,49.15,47.5,48.35,510810,196357
SKUMARSYNF,20100318,49.6,58.05,49,54.15,17166942,3851473
SKUMARSYNF,20100319,54.8,65,54.55,64.55,36386168,4280678
SKUMARSYNF,20100322,63,66.55,60.5,61.5,22832593,4185469
SKUMARSYNF,20100323,63,63.9,60.85,61.25,5670353,830948
SKUMARSYNF,20100325,61,61.85,58.45,58.9,3968154,951342
SKUMARSYNF,20100326,59,60.8,58.55,59,3643404,1382947
SKUMARSYNF,20100329,59.1,59.35,56.9,57.45,2819673,1536839
SKUMARSYNF,20100330,57.7,62.4,57,60.3,8323121,1864773
SKUMARSYNF,20100331,61,61.75,59.6,59.85,3526937,0
SKUMARSYNF,20100401,60.25,63.95,60,63.45,3887647,0
SKUMARSYNF,20100405,64.1,68.15,62.5,67.05,7304707,1522636
SKUMARSYNF,20100406,67.1,67.5,65,66.25,2972207,0
SKUMARSYNF,20100407,66.5,66.8,63.1,63.55,2393670,1010395
SKUMARSYNF,20100408,64.3,65.4,62.4,63.25,1271966,274673
SKUMARSYNF,20100409,63.9,66.35,63.5,64.25,3204246,0
SKUMARSYNF,20100412,64.1,65,62.65,63.3,1616142,0
SKUMARSYNF,20100413,63.3,64.9,62.5,63,1199726,468882
SKUMARSYNF,20100415,64,64.15,61.1,61.4,2163139,998827
SKUMARSYNF,20100416,61.15,62.3,60.8,61.15,693501,0
SKUMARSYNF,20100419,60,60.45,57.1,57.6,1447030,0
SKUMARSYNF,20100420,58.55,63.2,58.2,62.75,3188637,699499
SKUMARSYNF,20100421,64,64.9,62.8,63.95,2631253,501503
SKUMARSYNF,20100422,63.75,64.3,62.8,63.65,1449536,463466
SKUMARSYNF,20100423,64,65.7,63.5,63.95,1181271,389032
SKUMARSYNF,20100426,64.5,64.9,63.15,63.8,691891,272354
SKUMARSYNF,20100427,63.95,69.25,62.65,67.75,4064202,1455180
SKUMARSYNF,20100428,68,74.4,66.05,71.3,17972455,2442373
SKUMARSYNF,20100429,72.5,73.1,69.1,69.4,5791276,1559779
SKUMARSYNF,20100430,69.8,73.65,68.25,72.75,4226708,0
SKUMARSYNF,20100503,72.1,75.2,70.3,71.05,5775691,1347502
SKUMARSYNF,20100504,73.25,74.8,71.3,71.65,7136516,1467905
SKUMARSYNF,20100505,69.95,78.8,69.55,77.6,15982286,3130833
SKUMARSYNF,20100506,77.25,80.15,74,74.65,6741979,1574487
SKUMARSYNF,20100507,74.65,74.65,70.65,72.7,2038634,515066
SKUMARSYNF,20100510,74.65,75.35,72.8,74.85,2119088,669957
SKUMARSYNF,20100511,75,75.25,71.55,71.9,1273937,0
SKUMARSYNF,20100512,72.5,73.45,68.05,68.7,2492114,1073901
SKUMARSYNF,20100513,69.6,71.3,68.6,69.65,1566727,0
SKUMARSYNF,20100514,70,73,68.6,70.4,2729500,599138
SKUMARSYNF,20100517,71,71,67.6,70.25,1338539,307901
SKUMARSYNF,20100518,70.9,72.35,69.6,70.8,1365856,311772
SKUMARSYNF,20100519,70,72.95,69.4,70.5,2224250,732159
SKUMARSYNF,20100520,71.3,71.5,67.6,68.1,1087107,309247
SKUMARSYNF,20100521,66.1,66.9,61.65,62.95,1670606,613758
SKUMARSYNF,20100524,63.8,65.9,63.4,63.75,1037367,251539
SKUMARSYNF,20100525,63.4,64.3,61.6,62.85,870410,309285
SKUMARSYNF,20100526,64,67.4,63.8,66.5,1681329,609161
SKUMARSYNF,20100527,66.4,78.8,66.15,74.2,10261180,2147987
SKUMARSYNF,20100528,75.8,78.2,73.8,75.15,6665913,1796611
SKUMARSYNF,20100531,76.5,76.9,71.3,71.95,2374062,826172
SKUMARSYNF,20100601,72.5,76.1,71.5,73.15,5010388,1444155
SKUMARSYNF,20100602,73.9,74.7,71.8,73.55,1645454,566973
SKUMARSYNF,20100603,74.45,74.95,72.5,73.1,2056951,850322
SKUMARSYNF,20100604,73.7,74.5,72.5,73.8,976268,334116
SKUMARSYNF,20100607,71.6,78.65,68.35,76.6,4747332,1100269
SKUMARSYNF,20100608,77.1,77.9,74.2,75.2,2229760,762580
SKUMARSYNF,20100609,76,77.2,74.85,76.5,1248759,308187
SKUMARSYNF,20100610,76.7,77.25,75.55,76.75,1304277,402261
SKUMARSYNF,20100611,77.4,77.85,74.7,75.9,1140361,464542
SKUMARSYNF,20100614,76.4,77.45,76,76.9,1488893,567925
SKUMARSYNF,20100615,77.15,77.7,74.8,75.5,1933769,694829
SKUMARSYNF,20100616,76.2,76.3,74.5,74.8,1008581,242893
SKUMARSYNF,20100617,75.3,75.65,74,74.6,640424,106873
SKUMARSYNF,20100618,74.9,75.2,73.5,73.65,445014,142405
SKUMARSYNF,20100621,74.8,76.35,73.55,74.3,1129894,347949
SKUMARSYNF,20100622,73.6,76.9,73.6,75.25,1495708,296670
SKUMARSYNF,20100623,75.5,76,74.15,74.6,927748,417903
SKUMARSYNF,20100624,74.95,75.8,74,74.4,1112730,525751
SKUMARSYNF,20100625,74.4,74.6,73.1,73.65,401598,138700
SKUMARSYNF,20100628,73.95,74.35,72.75,73.3,530490,159319
SKUMARSYNF,20100629,73.1,75.7,72.6,73.25,1145097,365426
SKUMARSYNF,20100630,72.8,73.5,70.3,70.9,1522780,772389
SKUMARSYNF,20100701,68.1,72.5,68.1,71.5,836116,338593
SKUMARSYNF,20100702,72,72.3,70.7,71.3,442413,153280
SKUMARSYNF,20100705,71.95,71.95,71,71.3,271860,100941
SKUMARSYNF,20100706,71.7,71.9,70.5,71.3,431151,149805
SKUMARSYNF,20100707,71.75,71.75,69.5,70.4,729293,348822
SKUMARSYNF,20100708,71,74.3,70.65,72.45,1924770,774073
SKUMARSYNF,20100709,72.9,76.3,72.2,75.75,2800051,1697267
SKUMARSYNF,20100712,76.05,76.75,73.25,73.85,754912,262519
SKUMARSYNF,20100713,74.05,74.75,72.9,74.25,452781,94703
SKUMARSYNF,20100714,74.9,74.9,73.25,73.4,297747,106142
SKUMARSYNF,20100715,74.3,80.8,74,79.85,9071278,2108829
SKUMARSYNF,20100716,80.8,83.35,79.5,81.9,8644737,2515727
SKUMARSYNF,20100719,81.4,81.4,79.3,79.8,1172944,314624
SKUMARSYNF,20100720,80.5,80.5,77.35,77.75,821683,300700
SKUMARSYNF,20100721,78.5,79.9,77.8,78.8,1170215,397793
SKUMARSYNF,20100722,77.8,79.5,77.65,78.85,1027506,480852
SKUMARSYNF,20100723,79.2,79.2,77.3,78.15,838774,464867
SKUMARSYNF,20100726,78.8,83.1,77.4,80.4,4790053,1916862
SKUMARSYNF,20100727,80.55,83.9,80.55,83.4,3556843,995413
SKUMARSYNF,20100728,83.95,83.95,81.15,81.95,1073813,462603
SKUMARSYNF,20100729,81.8,82.5,79.4,81.85,1245801,524127
SKUMARSYNF,20100730,82,87.55,81.4,83.7,5367018,1378614
SKUMARSYNF,20100802,84.95,86.6,83.6,85.8,2972774,1146470
SKUMARSYNF,20100803,86,86.95,85.2,85.75,1087145,361585
SKUMARSYNF,20100804,86,86,83.25,83.95,1185064,656833
SKUMARSYNF,20100805,84,84.75,83,83.45,732198,329545
SKUMARSYNF,20100806,84.05,84.2,80.8,81.55,1244341,621155
SKUMARSYNF,20100809,82.2,82.25,79.6,80.15,1461083,852062
SKUMARSYNF,20100810,80,82.25,80,80.7,976273,382091
SKUMARSYNF,20100811,81.4,83.35,80.2,81.55,1366019,412343
SKUMARSYNF,20100812,80.55,82.05,80.2,81.7,567785,217277
SKUMARSYNF,20100813,82.9,86.4,81.35,82.75,4228918,1403153
SKUMARSYNF,20100816,83.2,83.4,80.7,81.75,910058,353563
SKUMARSYNF,20100817,82,82.4,81.05,81.4,585099,223386
SKUMARSYNF,20100818,82.15,83.25,80.7,82.15,751478,218475
SKUMARSYNF,20100819,82.5,82.8,80.75,81.2,597237,207937
SKUMARSYNF,20100820,81,82.1,80.6,81.25,897891,404818
SKUMARSYNF,20100823,82,84,80.7,82.35,1603484,672221
SKUMARSYNF,20100824,83.4,85.3,80.8,81.1,1953058,914717
SKUMARSYNF,20100825,81.6,82,78.3,79.95,1183199,445528
SKUMARSYNF,20100826,80.5,82.55,79.5,80.3,1040617,289990
SKUMARSYNF,20100827,80.7,80.9,78.1,78.6,822518,506585
SKUMARSYNF,20100830,79.35,80,77.5,78.55,661457,382207
SKUMARSYNF,20100831,78.5,78.8,76.3,77.05,665774,417615
SKUMARSYNF,20100901,77.6,78.9,77.1,78.3,510059,120124
SKUMARSYNF,20100902,79,80,78.5,79.4,673707,286845
SKUMARSYNF,20100903,79.6,82.5,79.1,79.95,1184606,489659
SKUMARSYNF,20100906,80.95,83.1,80.3,82.7,1539467,1006231
SKUMARSYNF,20100907,83,83.45,81.5,82.45,932961,526372
SKUMARSYNF,20100908,82,83.2,81.2,82.8,686253,353820
SKUMARSYNF,20100909,82.8,85,82.6,83.55,2408902,1225718
SKUMARSYNF,20100913,84,85,83,84.1,1249944,916499
SKUMARSYNF,20100914,85.1,85.8,78.8,80.2,2452111,1105522
SKUMARSYNF,20100915,79,81.6,78.7,79.7,993933,453517
SKUMARSYNF,20100916,80,81.2,79,79.6,889489,318958
SKUMARSYNF,20100917,80,81,79.05,79.75,621355,288545
SKUMARSYNF,20100920,80.1,80.85,79.8,80.6,405276,195439
SKUMARSYNF,20100921,80.8,80.8,79.35,79.8,533805,276967
SKUMARSYNF,20100922,80.25,80.4,78.25,79.2,938629,741331
SKUMARSYNF,20100923,79.25,79.55,78.1,78.65,1201756,975597
SKUMARSYNF,20100924,80,80,77,78.4,2419139,1677494
SKUMARSYNF,20100927,78.4,80.2,78.25,78.6,1464714,1083931
SKUMARSYNF,20100928,79,79.1,77.4,78.1,337709,156015
SKUMARSYNF,20100929,78.55,78.7,76.5,76.85,672011,384579
SKUMARSYNF,20100930,77.2,77.65,76.1,76.75,219900,91821
SKUMARSYNF,20101001,77.1,78.2,76.85,77.45,341694,152383
SKUMARSYNF,20101004,78.4,78.4,76.8,77.2,305656,127269
SKUMARSYNF,20101005,77.7,77.7,75.3,76.15,1422192,796696
SKUMARSYNF,20101006,76.9,79.5,75.9,77.1,957746,425437
SKUMARSYNF,20101007,78.2,78.2,75,75.15,1103514,707192
SKUMARSYNF,20101008,75.5,76.9,73.3,74.9,521024,258504
SKUMARSYNF,20101011,75.4,75.5,73.7,73.95,982787,0
SKUMARSYNF,20101012,74.2,74.3,73.25,73.85,285568,0
SKUMARSYNF,20101013,74.1,78.4,73.1,77.7,3317134,0
SKUMARSYNF,20101014,78.9,78.9,75.1,76.35,1686819,0
SKUMARSYNF,20101015,76.55,78.25,76.2,77,1134321,0
SKUMARSYNF,20101018,76.7,77,75.3,76.3,518708,0
SKUMARSYNF,20101019,76.7,76.95,73.9,75.2,1621454,1024859
SKUMARSYNF,20101020,76.9,78.05,74.6,75.05,1458916,0
SKUMARSYNF,20101021,75.7,77,73.9,75,927232,0
SKUMARSYNF,20101022,75.1,75.8,73.5,74,714871,485651
SKUMARSYNF,20101025,74.3,78.85,73.85,77.45,2503840,1137453
SKUMARSYNF,20101026,78.1,81.65,77.1,78.7,4147983,1722776
SKUMARSYNF,20101027,78.6,79.8,76.1,76.65,1254713,625059
SKUMARSYNF,20101028,77.15,82.2,77.15,81.45,3775184,1809922
SKUMARSYNF,20101029,82.35,82.7,79.1,80.95,3505330,1789920
SKUMARSYNF,20101101,81.45,81.45,78.9,79.35,2966651,2385593
SKUMARSYNF,20101102,80.1,80.1,76.35,77.35,1624026,0
SKUMARSYNF,20101103,78.25,80.85,78,79.25,1284753,0
SKUMARSYNF,20101104,80,82.3,79.3,81.85,1585097,909763
SKUMARSYNF,20101105,83,83,81.05,81.75,234251,113457
SKUMARSYNF,20101108,82.25,82.25,79.75,80.05,781264,437772
SKUMARSYNF,20101109,80.85,87.85,79.8,86.45,4424685,0
SKUMARSYNF,20101110,87,88.7,84.55,85.25,4283669,0
SKUMARSYNF,20101111,85.7,87.8,83.7,85.45,2071060,739661
SKUMARSYNF,20101112,86.6,91.35,86,87.75,7731317,0
SKUMARSYNF,20101115,88.65,88.65,83.05,85.85,1510910,292749
SKUMARSYNF,20101116,87.9,88,81.05,81.7,1856424,481153
SKUMARSYNF,20101118,83,84.65,78.65,84,1732496,543750
SKUMARSYNF,20101119,85.05,87.5,82.75,85.25,2341534,953321
SKUMARSYNF,20101122,85.65,97.3,85.05,96.15,10302542,0
SKUMARSYNF,20101123,95.9,96.35,88.6,91.7,9333826,2671292
SKUMARSYNF,20101124,92.75,96.8,87.2,89.3,6641569,1952679
SKUMARSYNF,20101125,90.5,93.4,87.65,90.3,4750776,1360663
SKUMARSYNF,20101126,91.1,91.75,80.6,84.45,3822257,1289766
SKUMARSYNF,20101129,85,86.2,81.3,84.85,1937120,772561
SKUMARSYNF,20101130,84.5,89.1,82.85,87.45,2606067,0
SKUMARSYNF,20101201,87.5,91.15,87,89.9,1787434,372503
SKUMARSYNF,20101202,90,92.4,88.15,89.25,1878529,548323
SKUMARSYNF,20101203,89.9,89.9,83.75,85.75,1000174,178162
SKUMARSYNF,20101206,86.5,88.7,83.5,84.8,1104441,234248
SKUMARSYNF,20101207,85.35,89.75,83.65,88.1,3162687,1187368
SKUMARSYNF,20101208,88,88.9,83.1,84.05,2077770,735367
SKUMARSYNF,20101209,84.1,85.5,64.35,68.65,6473356,2676388
SKUMARSYNF,20101210,68.05,77.1,68.05,74.4,5437388,0
SKUMARSYNF,20101213,75.6,89.5,75.6,88.4,11007889,2254075
SKUMARSYNF,20101214,89.35,89.65,85.15,87.7,5400779,401669
SKUMARSYNF,20101215,87.6,88.8,83.1,83.85,2081407,344938
SKUMARSYNF,20101216,83.8,87.7,82.6,86.75,2525579,470661
SKUMARSYNF,20101220,86.5,87.9,83.15,83.7,2908451,891285
SKUMARSYNF,20101221,84.1,85.6,81,82.3,2071409,656901
SKUMARSYNF,20101222,83,85,81.8,82.9,2122117,261278
SKUMARSYNF,20101223,83.7,84.7,82.2,83.1,1501866,183857
SKUMARSYNF,20101224,83.3,84.2,82.9,83.4,837127,131570
SKUMARSYNF,20101227,83.9,84,80.2,81.05,1145194,238081
SKUMARSYNF,20101228,81.6,83.15,81.25,81.8,788893,152698
SKUMARSYNF,20101229,82.05,83.75,82,83.2,1139935,299438
SKUMARSYNF,20101230,83.6,86,81.65,84.35,2126184,1153145
SKUMARSYNF,20101231,85,87.75,84.25,86.65,3030112,762857
SKUMARSYNF,20110103,87.9,88.75,87,87.6,1481069,348176
SKUMARSYNF,20110104,88.4,88.5,86.45,87.15,1129254,178632
SKUMARSYNF,20110105,87,87.8,84.55,85.2,713915,144786
SKUMARSYNF,20110106,85.5,87.85,84.75,86.05,1454904,363208
SKUMARSYNF,20110107,86,86.4,81.7,82.25,714739,188349
SKUMARSYNF,20110110,81.5,82,76.9,77.45,858794,228577
SKUMARSYNF,20110111,77,79.35,74.65,76.1,1266034,297937
SKUMARSYNF,20110112,77.1,80.3,76.3,79.85,995219,225499
SKUMARSYNF,20110113,80.45,81.2,77.6,78.45,916791,284260
SKUMARSYNF,20110114,77.5,78.5,74.5,75.1,1007110,286239
SKUMARSYNF,20110117,75.9,76.8,71.65,72.25,567369,156611
SKUMARSYNF,20110118,72.3,74.8,72.3,73.95,614132,175079
SKUMARSYNF,20110119,74.45,75.2,72.85,74.25,889504,365916
SKUMARSYNF,20110120,73.65,75,73.3,74.8,990264,540549
SKUMARSYNF,20110121,74.75,77.75,74.75,76.3,1025758,262864
SKUMARSYNF,20110124,76.1,77.2,75.3,76.4,661057,222001
SKUMARSYNF,20110125,76.7,77.3,74.1,74.7,743421,287943
SKUMARSYNF,20110127,75.5,76.9,72.25,72.95,1771779,794685
SKUMARSYNF,20110128,73.6,73.6,65.15,67.05,4190237,1816664
SKUMARSYNF,20110131,66,66.65,63.9,65.7,1751265,432373
SKUMARSYNF,20110201,66.35,68.25,65.65,66.3,972564,407234
SKUMARSYNF,20110202,67.3,67.85,62.55,63.5,1123258,415369
SKUMARSYNF,20110203,64.6,66.3,64,65.8,709864,242491
SKUMARSYNF,20110204,66.5,70.5,65.25,68.45,2393538,611851
SKUMARSYNF,20110207,68.7,68.95,67,67.9,848708,138866
SKUMARSYNF,20110208,68,68.4,61.1,61.95,756050,232705
SKUMARSYNF,20110209,60.55,65.3,58.6,59.7,2541235,1163153
SKUMARSYNF,20110210,60.1,61.4,55.85,57.35,1433860,402398
SKUMARSYNF,20110211,58.2,63.4,57.15,62.75,1711550,655356
SKUMARSYNF,20110214,63.9,67.9,63.4,66.3,1004029,0
SKUMARSYNF,20110215,66.7,66.75,64.35,65,653325,235281
SKUMARSYNF,20110216,65.45,68.7,64.2,65.05,1071547,0
SKUMARSYNF,20110217,64.7,66.2,62.35,64.2,1584075,0
SKUMARSYNF,20110218,64.5,65.75,63.05,63.65,1150191,0
SKUMARSYNF,20110221,64,64,61.95,63.35,658957,124423
SKUMARSYNF,20110222,63,64.4,61.1,61.75,1013013,408767
SKUMARSYNF,20110223,62.55,63.5,60.3,60.8,807122,267755
SKUMARSYNF,20110224,61.5,61.5,54.25,55.8,2548853,1200489
SKUMARSYNF,20110225,56.55,57.75,55.2,55.95,1263882,0
SKUMARSYNF,20110228,56.5,58.9,54.2,55.4,1602487,0
SKUMARSYNF,20110301,55.75,58.65,55.4,57.85,1132509,0
SKUMARSYNF,20110303,57,57.5,53.5,54.3,2732097,0
SKUMARSYNF,20110304,54.8,55.7,54.05,54.45,1182552,0
SKUMARSYNF,20110307,53.5,54.05,51.9,53.2,744090,0
SKUMARSYNF,20110308,53.25,54.7,52.15,53.75,494355,0
SKUMARSYNF,20110309,55,58.45,54.6,57.25,4689244,964567
SKUMARSYNF,20110310,56.95,59.45,56,58.3,2753470,0
SKUMARSYNF,20110311,57.55,58.2,55.1,55.55,1394687,0
SKUMARSYNF,20110314,55.8,56,53.8,54.35,1323767,573543
SKUMARSYNF,20110315,52.9,53.5,51.55,51.75,1165227,514709
SKUMARSYNF,20110316,51.7,54.25,51.7,52.55,930189,0
SKUMARSYNF,20110317,52.4,53.55,52.1,52.6,583508,0
SKUMARSYNF,20110318,52.6,53.75,50.45,51,771088,0
SKUMARSYNF,20110321,51.5,51.5,48.45,49.3,1361510,0
SKUMARSYNF,20110322,50.05,51.5,49.45,50.95,1394175,0
SKUMARSYNF,20110323,50.5,52.1,50.25,51.75,986021,354116
SKUMARSYNF,20110324,52.2,53.15,51.5,51.85,1360412,0
SKUMARSYNF,20110325,52.5,54.5,52,53.7,1789850,0
SKUMARSYNF,20110328,54.45,55.35,53.3,54.4,1444507,0
SKUMARSYNF,20110329,54.7,56.4,54.2,54.65,2212984,655773
SKUMARSYNF,20110330,55.15,57,55,56.1,1892167,450444
SKUMARSYNF,20110331,56.9,57.5,54.3,54.55,1806908,952511
SKUMARSYNF,20110401,55,57.7,54.5,57.3,2067330,832813
SKUMARSYNF,20110404,57.9,62.65,57,61.95,3466833,1565152
SKUMARSYNF,20110405,62.5,63.4,60.6,62.4,2340542,500356
SKUMARSYNF,20110406,62.65,64.2,61.4,63.2,2824685,1028330
SKUMARSYNF,20110407,63.45,64.5,62.5,63.5,1217815,258544
SKUMARSYNF,20110408,62,68.65,62,68.1,6614615,2288151
SKUMARSYNF,20110411,68.5,68.5,63.6,63.85,2044625,676402
SKUMARSYNF,20110413,63.4,65.4,62.85,64.65,1778803,606256
SKUMARSYNF,20110415,64.4,66.7,63.7,66.2,2026529,605094
SKUMARSYNF,20110418,66.25,66.85,63.3,64.05,1880111,719015
SKUMARSYNF,20110419,64.2,64.25,61.75,62.8,1322885,560879
SKUMARSYNF,20110420,63.5,65.5,63.3,65.2,987205,209775
SKUMARSYNF,20110421,66,69.25,64.5,68.15,3910567,875642
SKUMARSYNF,20110425,68.8,69.9,66.95,67.4,2221105,532586
SKUMARSYNF,20110426,67.8,68.25,65.3,67.7,1443941,214130
SKUMARSYNF,20110427,68,69.5,67.15,68.3,1697585,324255
SKUMARSYNF,20110428,68.3,69.8,67.25,68.75,1948412,738101
SKUMARSYNF,20110429,69.3,70.35,67.1,68.25,2223842,977868
SKUMARSYNF,20110502,66.2,68.95,66.2,67.5,807695,301513
SKUMARSYNF,20110503,67.1,68.95,64.2,64.7,1897347,479533
SKUMARSYNF,20110504,64.15,66.2,63.2,65.85,1012714,243802
SKUMARSYNF,20110505,65.55,68.1,64.9,65.55,1143008,185948
SKUMARSYNF,20110506,66.25,66.9,64.35,65.8,612327,128322
SKUMARSYNF,20110509,66.3,66.5,61.85,62.25,2418399,1222380
SKUMARSYNF,20110510,62.25,62.35,58.25,58.65,4001805,2307737
SKUMARSYNF,20110511,59.15,60.8,58.2,60.4,2250285,740422
SKUMARSYNF,20110512,60.5,60.9,58.5,58.8,922396,189193
SKUMARSYNF,20110513,59,60.2,57.8,58.85,1402900,400000
SKUMARSYNF,20110516,58.3,59.9,57.75,58.15,784974,138935
SKUMARSYNF,20110517,59.15,59.15,56.75,57.25,703707,124166
SKUMARSYNF,20110518,57.8,57.8,56,56.5,749028,0
SKUMARSYNF,20110519,56.25,56.95,55.6,56.05,515620,120956
SKUMARSYNF,20110520,54.2,59.7,53.55,58.4,1613170,714246
SKUMARSYNF,20110523,58,60.35,57.6,59.5,1712711,0
SKUMARSYNF,20110524,60,63.3,59.5,63,2762440,868954
SKUMARSYNF,20110525,62.9,65.5,62.65,64.95,2051390,597032
SKUMARSYNF,20110526,64.5,65.5,61.55,62.2,2224265,0
SKUMARSYNF,20110527,62.2,64.4,61.35,64,1208383,0
SKUMARSYNF,20110530,64.4,65.95,62.9,65.15,1004078,0
SKUMARSYNF,20110531,66.4,69.15,65.85,68.5,2200219,0
SKUMARSYNF,20110601,69.35,70.6,66.95,67.6,2598747,0
SKUMARSYNF,20110602,66.25,67.5,65.65,66.05,1019712,0
SKUMARSYNF,20110603,66.45,68.2,66.25,67,1751748,601211
SKUMARSYNF,20110606,67,67.25,65.35,66.55,1744261,498899
SKUMARSYNF,20110607,67.2,68.1,66.45,67.25,1366200,562989
SKUMARSYNF,20110608,68,69.8,67.3,68.95,3407296,0
SKUMARSYNF,20110609,69,69,66.45,66.75,1448454,454476
SKUMARSYNF,20110610,67.25,68.9,65.8,66.55,2467180,0
SKUMARSYNF,20110613,67,67.4,64.75,65.95,1725216,595030
SKUMARSYNF,20110614,66.4,66.9,65.3,65.55,1178245,362920
SKUMARSYNF,20110615,65.7,67.55,65.25,66.1,2346225,659708
SKUMARSYNF,20110616,65.8,67.8,65.25,66.85,1806113,0
SKUMARSYNF,20110617,67,67.2,63.7,64.05,2547813,0
SKUMARSYNF,20110620,64.6,64.8,56.55,58.15,2527981,0
SKUMARSYNF,20110621,59,59,41.65,51.2,20907524,3105162
SKUMARSYNF,20110622,53.1,53.65,49.1,50.85,10667343,0
SKUMARSYNF,20110623,50.4,50.7,45.75,48.8,10597017,1606199
SKUMARSYNF,20110624,49.5,53.35,49.5,52.5,7121424,1450209
SKUMARSYNF,20110627,52,55.35,51.1,54.95,4184272,0
SKUMARSYNF,20110628,55.55,55.8,54.05,54.65,2589175,0
SKUMARSYNF,20110629,54.6,55.35,51.7,52.55,2411391,0
SKUMARSYNF,20110630,53.25,54.5,51.7,54.1,3582377,1587504
SKUMARSYNF,20110701,54.1,55.9,53.2,53.65,3245285,0
SKUMARSYNF,20110704,54.05,56.6,53.8,55.9,7791879,4087678
SKUMARSYNF,20110705,56.1,57.8,55.2,55.8,8029565,2414068
SKUMARSYNF,20110706,56.2,57.35,56,56.45,2885517,718196
SKUMARSYNF,20110707,56,57.55,56,56.8,1905042,543217
SKUMARSYNF,20110708,56.7,57.4,53.4,54.55,3619915,0
SKUMARSYNF,20110711,54.65,55.3,53.7,54.15,1197839,226148
SKUMARSYNF,20110712,53.5,54.5,51.15,52.2,1781873,0
SKUMARSYNF,20110713,52.5,53.45,52.1,53,1163354,253969
SKUMARSYNF,20110714,52.75,54,52.1,52.65,1948368,0
SKUMARSYNF,20110715,52.95,54.5,52.2,54.15,1996986,544677
SKUMARSYNF,20110718,54,54.4,53.15,53.6,1161920,0
SKUMARSYNF,20110719,53.4,54.5,53.25,54.15,1073763,0
SKUMARSYNF,20110720,54.65,54.9,53.1,53.35,1503194,0
SKUMARSYNF,20110721,53.35,54.45,53.2,53.55,1062953,0
SKUMARSYNF,20110722,54.05,56.45,53.9,56.05,2876454,0
SKUMARSYNF,20110725,55.8,58.2,55.5,57.8,2395198,634223
SKUMARSYNF,20110726,57.7,58.5,55.55,56,1517020,0
SKUMARSYNF,20110727,56.35,57.2,54,56.55,1521505,228021
SKUMARSYNF,20110728,56.1,57.45,54.7,55.8,2591427,872081
SKUMARSYNF,20110729,55.9,56.8,54.1,55.3,1116565,0
SKUMARSYNF,20110801,55.9,58.5,55.5,58.1,2040317,651706
SKUMARSYNF,20110802,58,58.4,56.5,57.2,1665696,267764
SKUMARSYNF,20110803,56.85,59.9,52.8,59,3234894,0
SKUMARSYNF,20110804,59.25,59.75,56.25,57.15,2331016,347721
SKUMARSYNF,20110805,54.5,55.1,49.25,53.4,3752991,0
SKUMARSYNF,20110808,51.05,54.5,48.15,53.1,2151854,0
SKUMARSYNF,20110809,50.05,53.05,48.6,49.9,2495307,517086
SKUMARSYNF,20110810,52,52.85,50.35,51.35,2496380,0
SKUMARSYNF,20110811,50.75,57.75,50.15,51.1,1257264,0
SKUMARSYNF,20110812,52.4,54.05,51.8,53.5,2592652,0
SKUMARSYNF,20110816,54.8,55.25,47.6,49.1,2385546,907456
SKUMARSYNF,20110817,49,51.1,45.8,47.15,4354322,0
SKUMARSYNF,20110818,47.3,48.4,41.1,42.3,3358156,1080034
SKUMARSYNF,20110819,40.4,42.25,39.25,41.65,3894721,713349
SKUMARSYNF,20110822,41.95,44.9,41.2,44.35,2302006,0
SKUMARSYNF,20110823,45,45.35,43.6,44.1,2061431,511930
SKUMARSYNF,20110824,44.4,45.6,41.55,42.1,2108257,583600
SKUMARSYNF,20110825,42.95,44.8,41,44.2,5681649,0
SKUMARSYNF,20110826,44.3,44.75,41.25,42.3,2707508,1077584
SKUMARSYNF,20110829,43.05,45,42.8,44.55,1161878,0
SKUMARSYNF,20110830,45.1,46.95,45,46.65,2682022,0
SKUMARSYNF,20110902,47.4,47.45,45.7,47.05,819258,172078
SKUMARSYNF,20110905,46.25,47.9,46,47.3,1098529,269482
SKUMARSYNF,20110906,47.1,49.6,46.2,49.2,2420573,759160
SKUMARSYNF,20110907,49.65,50.95,49.05,49.7,1328846,396280
SKUMARSYNF,20110908,50.3,50.7,49.3,50.25,1238077,446788
SKUMARSYNF,20110909,50.25,51.75,50,50.15,1867147,0
SKUMARSYNF,20110912,49.8,50.45,46.1,50,3186574,0
SKUMARSYNF,20110913,50,51.25,48,48.75,2007826,0
SKUMARSYNF,20110914,49,49.35,47.7,49.05,1179976,0
SKUMARSYNF,20110915,49.5,50.55,48.7,49.15,1535950,0
SKUMARSYNF,20110916,49.3,52,47.65,51.2,2794281,850900
SKUMARSYNF,20110919,51.5,51.5,50,50.1,673224,244436
SKUMARSYNF,20110920,50,51.25,50,50.75,827008,257950
SKUMARSYNF,20110921,50.95,52.1,50.1,51.4,2055842,0
SKUMARSYNF,20110922,50.1,50.85,45.7,46.4,2482101,0
SKUMARSYNF,20110923,45.9,46.4,43.15,44.8,2119048,0
SKUMARSYNF,20110926,44.5,45.75,42.2,43.75,1501591,309480
SKUMARSYNF,20110927,44.7,45.6,44.2,44.8,990880,0
SKUMARSYNF,20110928,44.85,45.8,43.8,44.35,761258,0
SKUMARSYNF,20110929,44.25,44.25,41.65,42.35,3506975,1909736
SKUMARSYNF,20110930,42.35,43.65,41.55,42,1149572,0
SKUMARSYNF,20111003,41.75,41.75,39.55,40.45,1168946,379872
SKUMARSYNF,20111004,39.95,41.15,38.6,38.9,1984468,944637
SKUMARSYNF,20111005,39.9,39.9,37.65,38.05,1006329,310388
SKUMARSYNF,20111007,39,39.95,38.65,38.8,859300,301860
SKUMARSYNF,20111010,38.9,41.25,38.2,40.95,1495442,330582
SKUMARSYNF,20111011,41.1,42.15,39.7,40.05,1080758,0
SKUMARSYNF,20111012,40.2,41.5,40.2,41.25,680813,222012
SKUMARSYNF,20111013,41.75,42.6,41.05,41.4,1000496,317213
SKUMARSYNF,20111014,41.05,42.2,41,41.8,643864,173925
SKUMARSYNF,20111017,42.35,42.5,41.6,41.8,497850,0
SKUMARSYNF,20111018,41.2,41.35,39.7,40.2,550086,0
SKUMARSYNF,20111019,40.6,41.7,40.6,41.5,572457,0
SKUMARSYNF,20111020,41,41.5,40.5,41.05,453698,0
SKUMARSYNF,20111021,41.1,41.9,39.85,40.15,744593,0
SKUMARSYNF,20111024,40.7,41.2,39.6,39.75,633726,0
SKUMARSYNF,20111025,39.7,40.55,37.7,38.25,3537555,0
SKUMARSYNF,20111026,38.5,39.05,38.5,38.85,334683,157026
SKUMARSYNF,20111028,40,40.4,39.3,39.75,2105925,1234972
SKUMARSYNF,20111031,39.75,40.9,39.75,39.95,1654822,719554
SKUMARSYNF,20111101,39.3,40.1,38.5,39.15,1294206,402406
SKUMARSYNF,20111102,39,39.6,38.5,39.2,671097,203177
SKUMARSYNF,20111103,39.2,39.5,38.6,38.95,443197,193422
SKUMARSYNF,20111104,39.05,39.75,38.85,39,490709,0
SKUMARSYNF,20111108,39.4,39.4,38.65,39,404500,204376
SKUMARSYNF,20111109,39.05,39.3,37.3,37.65,569081,285760
SKUMARSYNF,20111111,37.65,37.65,36,36.3,784914,345858
SKUMARSYNF,20111114,37.05,37.9,29.55,31.1,4903622,1646821
SKUMARSYNF,20111115,30,33.1,30,30.9,2284357,493898
SKUMARSYNF,20111116,31.5,31.75,30.5,31.15,1000869,0
SKUMARSYNF,20111117,31,31.9,27.25,27.55,3333989,0
SKUMARSYNF,20111118,27.6,28.6,25.3,26.8,3455184,1222882
SKUMARSYNF,20111121,26.9,28.7,25.75,26.7,4565730,0
SKUMARSYNF,20111122,27.2,29.85,27.2,29.35,3233546,841338
SKUMARSYNF,20111123,29.8,29.9,28.3,28.95,2720066,844238
SKUMARSYNF,20111124,28.9,30,28.25,29.55,3930590,1738287
SKUMARSYNF,20111125,30.4,31.4,29.3,29.55,2225542,809167
SKUMARSYNF,20111128,29.9,31.2,29.75,31,1283894,495321
SKUMARSYNF,20111129,31,31.1,29.55,29.8,773089,0
SKUMARSYNF,20111130,29.65,29.7,28.25,29.25,1020092,0
SKUMARSYNF,20111201,30.1,30.5,29,29.25,701602,0
SKUMARSYNF,20111202,29,30.95,28.9,30.3,964138,379758
SKUMARSYNF,20111205,30.1,30.8,29.8,30.35,408946,147829
SKUMARSYNF,20111207,30.85,32.2,30.6,31.1,2500491,651333
SKUMARSYNF,20111208,31.45,31.8,29.8,30.65,1762417,326508
SKUMARSYNF,20111209,30.25,31.4,29.7,31.05,990106,0
SKUMARSYNF,20111212,31.25,31.45,29.5,29.9,897060,354428
SKUMARSYNF,20111213,29.6,31.3,28.65,30.4,3204033,500910
SKUMARSYNF,20111214,31,31,29.5,29.9,929712,245079
SKUMARSYNF,20111215,29.55,30.45,28.5,30,1074855,329580
SKUMARSYNF,20111216,30.25,30.55,25.7,27,1802355,638942
SKUMARSYNF,20111219,27.5,28,26,27.4,1037128,320074
SKUMARSYNF,20111220,27.7,27.7,26.5,26.85,2427948,1174484
SKUMARSYNF,20111221,27.6,27.65,24.7,26.75,3739009,1603468
SKUMARSYNF,20111222,26.55,27,25.9,26.75,922496,401876
SKUMARSYNF,20111223,27,27.2,26.3,26.6,891609,331608
SKUMARSYNF,20111226,26.9,27.05,26.15,26.55,961069,418585
SKUMARSYNF,20111227,26.55,27.2,26.2,26.85,1337578,450732
SKUMARSYNF,20111228,26.5,26.95,25.75,26.7,729131,249780
SKUMARSYNF,20111229,26.75,26.95,23.4,24.1,6264088,3824101
SKUMARSYNF,20111230,24.35,24.5,22.25,23.65,4618424,1986767
SKUMARSYNF,20120102,23.95,24.2,23.55,23.9,623824,199790
SKUMARSYNF,20120103,24.1,25.2,24,25,1062393,423691
SKUMARSYNF,20120104,25,25.2,24.15,24.5,675951,192928
SKUMARSYNF,20120105,24.5,25.1,24.2,24.4,485328,0
SKUMARSYNF,20120106,24.3,25.9,24.2,25.2,1239097,341399
SKUMARSYNF,20120107,25.5,25.95,25.15,25.8,552857,183979
SKUMARSYNF,20120109,25.95,26.55,25.35,26.05,891169,219479
SKUMARSYNF,20120110,26.25,27.8,26.15,27.5,1433857,522824
SKUMARSYNF,20120111,28.8,32.5,28,28.25,2368507,731584
SKUMARSYNF,20120112,28.25,29.25,27.6,28.4,961491,295638
SKUMARSYNF,20120113,28.55,30.35,28.4,29.85,2053557,643345
SKUMARSYNF,20120116,29.75,30.45,29.25,29.9,1018181,0
SKUMARSYNF,20120117,30.2,31.2,30,30.25,1271377,486610
SKUMARSYNF,20120118,30.9,32.4,30.5,30.8,3424481,1176395
SKUMARSYNF,20120119,31.4,32.15,30.4,31.9,1561677,525843
SKUMARSYNF,20120120,32.25,32.9,31,31.55,1450890,0
SKUMARSYNF,20120123,31.55,32.9,31.25,31.5,1624810,694175
SKUMARSYNF,20120124,32.5,33.5,30.8,32.8,4222814,1923662
SKUMARSYNF,20120125,32.1,34.7,32.1,34.3,2958254,1080365
SKUMARSYNF,20120127,34.6,35.7,34.4,34.95,1731534,0
SKUMARSYNF,20120130,34.1,35.1,31.5,32.2,1771254,0
SKUMARSYNF,20120131,32.5,33.6,32.5,33.25,1337779,0
SKUMARSYNF,20120201,33.2,34.8,32.75,34.4,2247356,776085
SKUMARSYNF,20120202,34.5,36.1,34.2,35.6,4159911,0
SKUMARSYNF,20120203,35.6,36.5,35.05,36.1,2837236,964320
SKUMARSYNF,20120206,36.2,37,35.05,35.45,2893589,1102139
SKUMARSYNF,20120207,36,38.3,35.5,37.95,6439325,1957765
SKUMARSYNF,20120208,38.2,38.5,36.25,37.5,3126702,0
SKUMARSYNF,20120209,37.5,38.9,37.1,38.45,3017141,1080901
SKUMARSYNF,20120210,38.85,39,37.25,38.35,2922131,1005834
SKUMARSYNF,20120213,38.6,39.4,37.85,38.45,2309162,711944
SKUMARSYNF,20120214,38.5,39.5,38.45,38.7,2965155,1069344
SKUMARSYNF,20120215,39.2,39.85,38.4,38.65,2526556,0
SKUMARSYNF,20120216,38.9,39.3,37.15,37.65,2141930,857277
SKUMARSYNF,20120217,38.3,38.65,36.25,36.95,2343218,0
SKUMARSYNF,20120221,38.5,39.2,37.2,38.85,2370139,0
SKUMARSYNF,20120222,39.25,39.45,35.65,36.2,3045628,0
SKUMARSYNF,20120223,36.3,36.6,34.55,35.85,3141328,1049734
SKUMARSYNF,20120224,35.9,36.5,33.8,34.25,1886291,0
SKUMARSYNF,20120227,35.15,35.15,32,32.3,3950281,1227062
SKUMARSYNF,20120228,33,34.35,32.5,34.1,1669826,530879
SKUMARSYNF,20120229,34.7,35.1,33.5,34.1,1866562,706598
SKUMARSYNF,20120301,34.3,34.8,33.2,34.05,1515164,268264
SKUMARSYNF,20120302,34.5,35,33.5,34.3,1566865,347517
SKUMARSYNF,20120303,34.45,35.8,34.05,35.45,865364,358039
SKUMARSYNF,20120305,35.5,36.3,34.3,34.75,1983696,440358
SKUMARSYNF,20120306,34.5,35.5,32.25,33.05,1349726,444517
SKUMARSYNF,20120307,32.2,33.5,31.7,32.45,1452474,396888
SKUMARSYNF,20120309,33.15,33.4,32.45,33.2,1283363,311064
SKUMARSYNF,20120312,33.7,34.25,33.2,34,1035116,372260
SKUMARSYNF,20120313,34.7,35.9,34.15,35.65,1752047,455790
SKUMARSYNF,20120314,36,36.7,34.75,35.05,971904,356830
SKUMARSYNF,20120315,35.05,35.45,33.5,33.75,1407815,584409
SKUMARSYNF,20120316,33.85,34.3,32.75,33.35,1422563,566536
SKUMARSYNF,20120319,33.35,33.45,31.9,32,1169136,568380
SKUMARSYNF,20120320,32,32.6,31.3,32.3,1038799,367148
SKUMARSYNF,20120321,34,34.2,32.7,33.85,1764536,528648
SKUMARSYNF,20120322,34.4,35.25,32.1,32.55,3310756,1157927
SKUMARSYNF,20120323,33,33.85,32.5,33.25,1050225,331194
SKUMARSYNF,20120326,33,33.45,31.4,31.65,1002571,440384
SKUMARSYNF,20120327,32.3,32.8,31.35,31.95,1370712,362544
SKUMARSYNF,20120328,32,32.8,31.5,31.85,1982907,1102447
SKUMARSYNF,20120329,31.8,32.9,31.35,31.85,3530158,2082113
SKUMARSYNF,20120330,32.2,33.3,32.15,33,1644051,730003
SKUMARSYNF,20120402,33.4,34.45,33.1,34.1,1773438,447898
SKUMARSYNF,20120403,34.5,35.5,34.3,35.1,2208888,759216
SKUMARSYNF,20120404,34.55,35.2,34.45,34.95,999694,342656
SKUMARSYNF,20120409,34.6,35,33.65,33.9,1179332,0
SKUMARSYNF,20120410,33.75,34.25,33.2,34.1,754635,0
SKUMARSYNF,20120411,33.8,34.7,33.5,33.95,812141,0
SKUMARSYNF,20120412,34.35,35.1,34.1,34.85,713508,0
SKUMARSYNF,20120413,35.15,35.2,33.5,33.65,913019,0
SKUMARSYNF,20120416,33.75,34.25,33.2,34,503701,0
SKUMARSYNF,20120417,34.15,34.4,33.55,34.15,615539,0
SKUMARSYNF,20120418,34.2,34.7,33.75,33.8,1020457,0
SKUMARSYNF,20120419,34.15,34.25,33.65,33.9,437510,0
SKUMARSYNF,20120420,33.65,34.2,33.05,33.25,500571,0
SKUMARSYNF,20120423,33.3,33.65,31.75,31.95,948939,0
SKUMARSYNF,20120424,32.45,32.45,30.8,31.35,667828,0
SKUMARSYNF,20120425,31.7,31.7,28.8,29.9,1481677,0
SKUMARSYNF,20120426,30.3,31.75,29.8,31.1,1605809,0
SKUMARSYNF,20120427,31.65,31.95,30.35,30.6,827730,0
SKUMARSYNF,20120428,30.6,31,30.15,30.9,121594,0
SKUMARSYNF,20120430,31.2,31.8,30.9,31.25,1068237,0
SKUMARSYNF,20120502,31.75,32.25,31.15,31.4,994284,0
SKUMARSYNF,20120503,31.3,31.45,29.95,30.2,1109114,0
SKUMARSYNF,20120504,30.2,30.2,28.5,28.75,919124,0
SKUMARSYNF,20120507,28,30.35,27.9,29.9,694539,0
SKUMARSYNF,20120508,30.5,30.7,28.55,28.75,971968,0
SKUMARSYNF,20120509,28.75,29.2,27.8,27.9,831226,0
SKUMARSYNF,20120510,28.35,28.65,26.4,26.6,1131133,0
SKUMARSYNF,20120511,26.6,27.15,26.1,26.55,571136,0
SKUMARSYNF,20120514,27.55,27.85,25.7,25.9,992552,0
SKUMARSYNF,20120515,25.65,26.8,25.5,26.7,923674,0
SKUMARSYNF,20120516,26.2,26.3,25.3,25.8,621689,0
SKUMARSYNF,20120517,26.4,27.4,25.6,25.85,1146730,0
SKUMARSYNF,20120518,25.3,26.75,24.75,26.6,1220014,0
SKUMARSYNF,20120521,26.95,27.7,26.5,27.15,1018902,0
SKUMARSYNF,20120522,27.8,28.7,26.5,26.6,1053308,0
SKUMARSYNF,20120523,26.65,26.8,25.75,26.05,1233054,0
SKUMARSYNF,20120524,26.4,27.45,25.8,27,1443605,0
SKUMARSYNF,20120525,26.95,27.2,26.6,27.05,524423,0
SKUMARSYNF,20120528,27.15,28.95,27.1,28.7,1419274,0
SKUMARSYNF,20120529,29,29.8,28.4,29.15,1465586,0
SKUMARSYNF,20120530,29.45,32.25,29.35,31.8,7191287,0
SKUMARSYNF,20120531,31.4,33.5,30.8,33.3,5768035,0
SKUMARSYNF,20120601,32.25,34.9,29.9,34.2,4116929,0
SKUMARSYNF,20120604,32.1,34.4,32.1,34.1,1322358,0
SKUMARSYNF,20120605,34.35,34.7,33.05,33.95,1249495,0
SKUMARSYNF,20120606,34.15,34.2,33.2,33.75,1445174,0
SKUMARSYNF,20120607,34.1,35.3,33.5,34.9,1838061,0
SKUMARSYNF,20120608,35,36.2,34.55,35.75,1680092,0
SKUMARSYNF,20120611,36.9,37.1,35.15,35.4,2142261,0
SKUMARSYNF,20120612,35.4,36.65,34.95,36.3,995494,0
SKUMARSYNF,20120613,36.5,36.5,35.8,35.95,751052,0
SKUMARSYNF,20120614,35.5,37.35,35.15,36.6,2723233,0
SKUMARSYNF,20120615,36.7,37.6,36.15,36.75,2861457,0
SKUMARSYNF,20120618,36.9,37.45,33.1,33.45,2690210,0
SKUMARSYNF,20120619,33.4,34.5,32.85,34.15,2555432,0
SKUMARSYNF,20120620,34.5,35.35,34.25,35,1519260,0
SKUMARSYNF,20120621,34.4,35.4,34.15,35,857488,0
SKUMARSYNF,20120622,34.7,35.75,34.05,35.35,1446112,0
SKUMARSYNF,20120625,35.4,35.75,34.15,34.35,1659174,0
SKUMARSYNF,20120626,34.2,34.6,33.5,34.15,806557,0
SKUMARSYNF,20120627,34.5,34.5,33.7,33.75,642119,0
SKUMARSYNF,20120628,34.4,34.6,33.3,33.7,2357037,0
SKUMARSYNF,20120629,34.2,34.6,33.7,34.25,780015,0
SKUMARSYNF,20120702,34.35,36.05,33.75,35.6,1600367,0
SKUMARSYNF,20120703,36.2,36.55,35.05,35.3,2739565,0
SKUMARSYNF,20120704,35.5,35.6,33.6,35.05,1545852,0
SKUMARSYNF,20120705,35.25,36.4,34.85,35.6,2201022,0
SKUMARSYNF,20120706,35.9,35.9,34.2,34.5,1200884,0
SKUMARSYNF,20120709,34,34.3,33.05,33.8,1272602,0
SKUMARSYNF,20120710,33.7,34.65,33.4,34.45,885641,0
SKUMARSYNF,20120711,34.3,34.55,33.8,33.9,447421,0
SKUMARSYNF,20120712,33.9,34.2,33.5,33.9,458042,0
SKUMARSYNF,20120713,34.15,35.25,33.5,33.75,2184112,0
SKUMARSYNF,20120716,33.95,34.05,33.3,33.55,503717,0
SKUMARSYNF,20120717,34.05,34.35,32.25,32.9,1336803,0
SKUMARSYNF,20120718,32.9,33.7,32.1,33.5,975070,0
SKUMARSYNF,20120719,34,34,33.15,33.3,531720,0
SKUMARSYNF,20120720,33.6,33.8,32.4,32.75,2246404,0
SKUMARSYNF,20120723,32.6,32.6,31.2,31.55,1648735,0
SKUMARSYNF,20120724,31.55,31.95,30.95,31.45,980547,0
SKUMARSYNF,20120725,31.15,31.45,29.05,29.65,1849417,0
SKUMARSYNF,20120726,29.5,30,26.6,27.2,3785574,0
SKUMARSYNF,20120727,27.8,28.5,25.6,26.1,1490541,0
SKUMARSYNF,20120730,26.8,28.2,25.85,28,1325018,0
SKUMARSYNF,20120731,28.3,28.55,26.3,26.65,1952298,0
SKUMARSYNF,20120801,26.9,26.95,25.85,26.1,2344371,0
SKUMARSYNF,20120802,26.35,26.9,26,26.5,1436810,0
SKUMARSYNF,20120803,26.5,26.5,25.05,25.8,3099400,0
SKUMARSYNF,20120806,26.3,26.45,25.6,25.75,1637733,0
SKUMARSYNF,20120807,26.2,26.2,25.35,25.45,1347885,0
SKUMARSYNF,20120808,25.5,25.9,24.5,24.8,1881844,0
SKUMARSYNF,20120809,25,25.25,24.3,24.45,1882137,0
SKUMARSYNF,20120810,24.45,24.8,23.85,24.15,2387305,0
SKUMARSYNF,20120813,24.05,24.45,22.55,23,4964867,0
SKUMARSYNF,20120814,23.45,23.7,22.55,22.9,2932106,0
SKUMARSYNF,20120816,23,23.1,22.65,22.75,1380876,0
SKUMARSYNF,20120817,22.85,24.3,22.6,23.2,6217268,0
SKUMARSYNF,20120821,23.4,24.05,23.4,23.95,2351603,0
SKUMARSYNF,20120822,23.9,24.9,23.7,23.9,3764766,0
SKUMARSYNF,20120823,24.2,24.2,20.45,20.8,13954354,0
SKUMARSYNF,20120824,21,22.5,20.55,22.35,11472295,0
SKUMARSYNF,20120827,22.6,22.75,19.15,19.45,10926907,0
SKUMARSYNF,20120828,19.9,20.25,18.45,19.15,10298639,0
SKUMARSYNF,20120829,19.5,19.65,18.6,18.8,4787918,0
SKUMARSYNF,20120830,18.9,19.9,18.6,19.55,4745167,0
SKUMARSYNF,20120831,19.7,19.95,19.15,19.5,1860921,0
SKUMARSYNF,20120903,19.65,19.85,19.15,19.35,1570328,0
SKUMARSYNF,20120904,19,19.1,17.6,18.3,11949093,0
SKUMARSYNF,20120905,18.4,18.65,17.6,17.7,4903338,0
SKUMARSYNF,20120906,17.9,18.4,17.65,17.85,3878921,0
SKUMARSYNF,20120907,18.2,18.3,17.7,17.8,3525502,0
SKUMARSYNF,20120908,17.85,17.85,17.45,17.75,799881,0
SKUMARSYNF,20120910,17.95,18.05,17.3,17.45,2383710,0
SKUMARSYNF,20120911,17.5,17.7,17.3,17.4,2871080,0
SKUMARSYNF,20120912,17.6,17.65,17.35,17.35,2065620,0
SKUMARSYNF,20120913,17.3,18.7,17.05,18.1,5222372,0
SKUMARSYNF,20120914,18.6,18.9,18.05,18.25,4447740,0
SKUMARSYNF,20120917,18.85,19.25,18.6,18.8,5097411,0
SKUMARSYNF,20120918,19.2,20.35,19,20,9673983,0
SKUMARSYNF,20120920,19.2,19.6,18.65,19,4707788,1608656
SKUMARSYNF,20120921,19.35,19.7,18.45,18.65,6053655,2875474
SKUMARSYNF,20120924,19,19.35,18,18.15,8079668,3504764
SKUMARSYNF,20120925,18.5,19.25,17.8,19.05,7886783,3421778
SKUMARSYNF,20120926,19.3,20.7,19.05,20.4,14585280,5553544
SKUMARSYNF,20120927,20.2,21.15,19.2,19.95,12966497,6049586
SKUMARSYNF,20120928,20.35,20.45,19.3,19.35,4862494,2434765
SKUMARSYNF,20121001,19.5,19.9,19.3,19.55,2361217,1123365
SKUMARSYNF,20121003,19.7,20.05,19.5,19.6,2570304,1318073
SKUMARSYNF,20121004,19.65,20.35,19.6,20.05,4200440,0
SKUMARSYNF,20121005,20.3,20.6,19.55,19.85,4855177,0
SKUMARSYNF,20121008,19.9,20.3,19.5,19.65,3109163,1129522
SKUMARSYNF,20121009,19.85,20.15,19.6,19.7,2187463,0
SKUMARSYNF,20121010,19.8,19.95,19.1,19.15,2990307,1278903
SKUMARSYNF,20121011,19.25,19.4,18.8,18.95,2948939,0
SKUMARSYNF,20121012,19,19.3,18.65,18.75,2228149,0
SKUMARSYNF,20121015,18.85,18.95,18.65,18.8,1094780,455206
SKUMARSYNF,20121016,18.95,19.05,18.4,18.5,1430304,674316
SKUMARSYNF,20121017,18.65,18.65,18.15,18.25,1632891,593024
SKUMARSYNF,20121018,18.45,18.5,18.1,18.3,1742006,646097
SKUMARSYNF,20121019,18.35,18.7,18.1,18.4,1887640,0
SKUMARSYNF,20121022,18.45,18.45,18.1,18.15,938522,507039
SKUMARSYNF,20121023,18.3,18.35,17.75,17.8,1202955,0
SKUMARSYNF,20121025,17.85,18.2,17.65,17.85,1475243,544094
SKUMARSYNF,20121026,17.9,18,17.25,17.3,1631356,0
SKUMARSYNF,20121029,17.35,17.6,17.1,17.2,1320344,601020
SKUMARSYNF,20121030,16.5,16.95,15.75,16,5626362,2330365
SKUMARSYNF,20121031,16.25,16.25,14.9,15.1,3606734,0
SKUMARSYNF,20121101,15.1,15.1,14.15,14.35,5008895,0
SKUMARSYNF,20121102,14.5,15.3,13.4,13.6,10259800,5008906
SKUMARSYNF,20121105,12.85,14.45,12.85,14.25,4271346,1498136
SKUMARSYNF,20121106,12.75,14.5,12.75,14.2,1841867,0
SKUMARSYNF,20121107,14.3,14.3,13.25,13.45,4962773,0
SKUMARSYNF,20121108,12.45,13.85,12.45,13.65,2841918,0
SKUMARSYNF,20121109,15.55,15.55,13.45,13.5,2017039,0
SKUMARSYNF,20121112,13.55,13.7,13.1,13.25,1449356,0
SKUMARSYNF,20121113,13.4,13.75,13.4,13.7,660139,359797
SKUMARSYNF,20121115,13.6,13.65,13.4,13.55,1020020,454729
SKUMARSYNF,20121116,13.55,14.5,13.55,13.85,4133039,1458484
SKUMARSYNF,20121119,13.9,14.1,13.5,13.6,1548850,0
SKUMARSYNF,20121120,13.7,13.9,13.4,13.45,1030486,0
SKUMARSYNF,20121121,13.5,13.7,13.2,13.25,1556047,741795
SKUMARSYNF,20121122,13.35,13.5,12.9,12.95,1868181,1061507
SKUMARSYNF,20121123,13,13.05,12.8,12.95,1256756,0
SKUMARSYNF,20121126,12.95,13.05,12.7,12.75,1756883,871663
SKUMARSYNF,20121127,13,13.8,12.85,13.55,3373363,1377071
SKUMARSYNF,20121129,13.5,14.35,13.4,13.95,3605877,1384545
SKUMARSYNF,20121130,14.2,14.35,13.55,13.7,4229799,1874472
SKUMARSYNF,20121203,14.05,15.35,13.5,15.2,7426249,0
SKUMARSYNF,20121204,15.25,16.2,15.25,15.75,6137670,0
SKUMARSYNF,20121205,15.85,16.35,15.4,15.95,3962443,1400999
SKUMARSYNF,20121206,16.3,16.5,15.55,15.9,3368134,1205997
SKUMARSYNF,20121207,15.95,16.1,15.55,15.75,3004895,1499336
SKUMARSYNF,20121210,15.8,15.9,15.15,15.25,1871157,0
SKUMARSYNF,20121211,15.4,15.45,14.3,14.5,2991715,0
SKUMARSYNF,20121212,14.6,14.7,14.05,14.15,2172803,0
SKUMARSYNF,20121213,14.25,14.35,13.6,13.65,3133813,1543179
SKUMARSYNF,20121214,13.7,14.2,13.65,13.7,2800784,980679
SKUMARSYNF,20121217,13.75,14.2,13.4,13.55,3161309,1690330
SKUMARSYNF,20121218,13.65,14,13.4,13.45,2303336,0
SKUMARSYNF,20121219,13.6,14.35,13.45,14.1,6791911,0
SKUMARSYNF,20121220,14.25,14.45,13.7,13.8,3476501,1524010
SKUMARSYNF,20121221,13.85,14.2,13.55,13.6,3177731,1394269
SKUMARSYNF,20121224,14.3,14.3,13.6,13.9,1751291,708932
SKUMARSYNF,20121226,14.2,14.45,13.95,14.1,2314310,0
SKUMARSYNF,20121227,14.45,14.45,13.6,13.75,1911777,834851
SKUMARSYNF,20121228,13.95,14.25,12.5,12.65,14451109,9213454
SKUMARSYNF,20121231,12.7,13.2,12.5,13.15,4812147,0
SKUMARSYNF,20130101,13.35,13.9,13.05,13.7,6689172,0
SKUMARSYNF,20130102,13.9,14.2,13.2,13.6,6002448,0
SKUMARSYNF,20130103,13.65,13.95,13.5,13.75,2791085,0
SKUMARSYNF,20130104,13.8,14.35,13.65,13.75,5768038,0
SKUMARSYNF,20130107,13.95,14.35,13.7,14.1,4727477,0
SKUMARSYNF,20130108,14.25,14.7,14.1,14.4,4757227,0
SKUMARSYNF,20130109,14.65,15.85,14.4,15.4,18709624,0
SKUMARSYNF,20130110,15.45,15.7,14.8,14.9,7118581,0
SKUMARSYNF,20130111,15.05,15.1,14.25,14.3,2814773,0
SKUMARSYNF,20130114,14.4,14.75,14,14.5,2285413,0
SKUMARSYNF,20130115,14.6,14.8,14.4,14.45,1578996,0
SKUMARSYNF,20130116,14.2,14.65,14,14.05,1982488,0
SKUMARSYNF,20130117,14.15,14.3,13.8,13.9,1511146,0
SKUMARSYNF,20130118,14.05,14.2,13.5,13.6,1721842,0
SKUMARSYNF,20130121,13.65,13.9,13.45,13.5,1464048,0
SKUMARSYNF,20130122,13.6,13.8,13.4,13.45,1537412,0
SKUMARSYNF,20130123,13.6,13.65,12.65,12.85,2931705,0
SKUMARSYNF,20130124,12.8,13,12.4,12.45,3033697,0
SKUMARSYNF,20130125,12.5,12.6,12.1,12.35,3059968,0
SKUMARSYNF,20130128,12.5,12.85,12.45,12.45,1906556,0
SKUMARSYNF,20130129,12.55,12.6,11.95,12.05,2671321,0
SKUMARSYNF,20130130,12.05,12.25,11.75,11.8,2503388,0
SKUMARSYNF,20130131,11.85,11.9,11.55,11.55,2171776,0
SKUMARSYNF,20130201,11.6,11.85,11.45,11.55,3123640,0
SKUMARSYNF,20130204,11.6,11.8,11.05,11.15,3864496,0
SKUMARSYNF,20130205,11.15,11.15,10.8,10.9,1880429,0
SKUMARSYNF,20130206,10.9,11.15,10.7,10.8,2249591,0
SKUMARSYNF,20130207,10.8,10.95,10.75,10.8,2761820,0
SKUMARSYNF,20130208,10.75,10.8,10.25,10.35,2677910,0
SKUMARSYNF,20130211,9.8,10.4,9.8,9.9,2664245,0
SKUMARSYNF,20130212,9.95,10.25,9.7,10.1,3467280,0
SKUMARSYNF,20130213,10.15,10.8,10.1,10.35,2736828,0
SKUMARSYNF,20130214,10.4,10.7,10.05,10.25,2499035,0
SKUMARSYNF,20130215,10.15,10.3,10,10.05,1594281,0
SKUMARSYNF,20130218,10.5,10.5,9.95,10.2,1567680,0
SKUMARSYNF,20130219,10.3,10.3,10.05,10.15,2523079,0
SKUMARSYNF,20130220,10.2,10.55,10.1,10.3,2237841,0
SKUMARSYNF,20130221,10.3,10.3,10,10.05,1503521,0
SKUMARSYNF,20130222,10,10.2,9.95,10.05,1259453,0
SKUMARSYNF,20130225,10.15,10.25,9.75,9.8,1586357,0
SKUMARSYNF,20130226,9.75,9.8,9.35,9.45,1810424,0
SKUMARSYNF,20130227,9.55,9.65,9,9.25,2057293,0
SKUMARSYNF,20130228,9.45,9.8,8.9,9.05,2738623,0
SKUMARSYNF,20130301,9,9.25,8.7,8.85,1900120,0
SKUMARSYNF,20130304,8.9,9.8,8.9,9.2,3703586,0
SKUMARSYNF,20130305,9.5,9.75,9.2,9.5,1320609,0
SKUMARSYNF,20130306,9.65,9.85,9.4,9.65,1853763,0
SKUMARSYNF,20130307,9.6,10.25,9.55,10.1,2151351,0
SKUMARSYNF,20130308,10.25,10.6,10.1,10.35,1723865,0
SKUMARSYNF,20130311,10.45,10.5,10.15,10.25,1293355,0
SKUMARSYNF,20130312,10.3,10.45,10.05,10.1,1439620,0
SKUMARSYNF,20130313,10.4,10.4,9.8,9.85,1019316,0
SKUMARSYNF,20130314,9.85,10.05,9.8,9.85,1050417,0
SKUMARSYNF,20130315,9.85,9.95,9.25,9.55,1605789,0
SKUMARSYNF,20130318,9.25,9.6,7.65,9.45,984630,0
SKUMARSYNF,20130319,9.45,9.75,9.2,9.25,1118578,0
SKUMARSYNF,20130320,9.3,9.35,8.9,8.95,1502135,0
SKUMARSYNF,20130321,9,9.1,8.45,8.6,1557159,0
SKUMARSYNF,20130322,8.7,9.15,8.45,8.6,2287244,0
SKUMARSYNF,20130325,8.7,9.5,8.45,8.55,2658842,0
SKUMARSYNF,20130326,8.65,8.75,8.05,8.15,2459005,0
SKUMARSYNF,20130328,8.3,8.35,7.95,8.25,1683078,0
SKUMARSYNF,20130401,8.4,9.25,8.2,9.1,1745133,660073
SKUMARSYNF,20130402,9.15,9.4,8.9,9.25,1898765,0
SKUMARSYNF,20130403,9,9.4,9,9.1,1221323,0
SKUMARSYNF,20130404,9.1,9.1,8.75,8.8,1324362,0
SKUMARSYNF,20130405,8.75,9.05,8.6,8.7,1169328,0
SKUMARSYNF,20130408,9.25,9.25,8.6,8.75,563784,0
SKUMARSYNF,20130409,8.9,8.95,8.65,8.65,591586,0
SKUMARSYNF,20130410,8.8,8.9,8.35,8.65,776624,0
SKUMARSYNF,20130411,8.8,8.9,8.5,8.6,757658,0
SKUMARSYNF,20130412,8.55,8.7,8.45,8.55,523956,257035
SKUMARSYNF,20130415,8.65,8.85,8.5,8.75,729603,0
SKUMARSYNF,20130416,8.75,8.75,8.4,8.45,1088925,0
SKUMARSYNF,20130417,8.35,8.65,8.35,8.35,1004186,0
SKUMARSYNF,20130418,8.2,8.55,8.2,8.45,771866,0
SKUMARSYNF,20130422,8.3,8.6,8.3,8.45,813601,0
SKUMARSYNF,20130423,8.5,8.95,8.4,8.65,1122681,0
SKUMARSYNF,20130425,8.7,8.8,7.85,7.9,2936023,0
SKUMARSYNF,20130426,8,8.2,7.75,7.75,1760667,0
SKUMARSYNF,20130429,7.8,7.9,7.3,7.4,1829897,0
SKUMARSYNF,20130430,7.4,7.5,6.7,6.8,3960294,0
SKUMARSYNF,20130502,6.85,7,6.75,7,3022393,0
SKUMARSYNF,20130503,7,7.1,6.7,6.8,1777972,0
SKUMARSYNF,20130506,6.8,7,6.8,6.9,776881,0
SKUMARSYNF,20130507,7,7,6.9,6.95,923214,0
SKUMARSYNF,20130508,6.95,7.1,6.5,6.8,3134162,0
SKUMARSYNF,20130509,6.95,6.95,6.6,6.75,1044284,0
SKUMARSYNF,20130510,6.65,6.75,6.65,6.7,700823,362795
SKUMARSYNF,20130511,6.75,6.8,6.55,6.6,254057,0
SKUMARSYNF,20130513,6.7,6.7,6.35,6.4,1287782,0
SKUMARSYNF,20130514,6.2,6.4,6.05,6.1,1947458,0
SKUMARSYNF,20130515,6.1,6.2,5.95,6.1,1606032,0
SKUMARSYNF,20130516,6.15,6.15,5.85,5.9,1588670,0
SKUMARSYNF,20130517,5.9,5.95,5.6,5.65,1450373,0
SKUMARSYNF,20130520,5.55,5.7,4.9,5,8126178,0
SKUMARSYNF,20130521,5,5.05,4.85,5,1579151,1070630
SKUMARSYNF,20130522,5,5,4.9,4.95,900654,0
SKUMARSYNF,20130523,4.9,4.95,4.7,4.8,1043112,0
SKUMARSYNF,20130524,4.85,4.85,4.45,4.55,1932581,978262
SKUMARSYNF,20130527,4.65,5.2,4.45,4.9,2628861,0
SKUMARSYNF,20130528,4.85,4.9,4.3,4.35,3208412,0
SKUMARSYNF,20130529,4.25,4.5,3.95,4.15,5877206,0
SKUMARSYNF,20130530,4.1,4.45,4,4.4,2306335,0
SKUMARSYNF,20130531,4.3,4.75,4.3,4.45,2149908,0
SKUMARSYNF,20130603,4.6,4.6,4.25,4.35,1383177,0
SKUMARSYNF,20130604,4.3,4.55,4.3,4.35,872571,0
SKUMARSYNF,20130605,4.45,4.75,4.35,4.6,1468061,0
SKUMARSYNF,20130606,4.65,5.05,4.5,5,5350299,0
SKUMARSYNF,20130607,5.05,5.5,5.05,5.5,1947384,0
SKUMARSYNF,20130610,5.75,5.75,5.25,5.25,5920771,0
SKUMARSYNF,20130611,5.3,5.3,5,5,933787,472509
SKUMARSYNF,20130612,4.95,4.95,4.75,4.75,515906,0
SKUMARSYNF,20130613,4.55,4.7,4.55,4.55,754484,427992
SKUMARSYNF,20130614,4.6,4.75,4.35,4.75,1794338,759769
SKUMARSYNF,20130617,4.85,4.9,4.55,4.55,1122590,0
SKUMARSYNF,20130618,4.55,4.55,4.35,4.4,1221938,0
SKUMARSYNF,20130619,4.55,4.6,4.4,4.45,632137,0
SKUMARSYNF,20130620,4.45,4.45,4.25,4.25,676937,0
SKUMARSYNF,20130621,4.15,4.35,4.05,4.05,2249856,0
SKUMARSYNF,20130624,4,4.2,3.85,3.9,1070191,0
SKUMARSYNF,20130625,4,4,3.75,3.75,1051443,0
SKUMARSYNF,20130626,3.75,3.8,3.6,3.6,1216797,0
SKUMARSYNF,20130627,3.65,3.75,3.45,3.7,1350773,0
SKUMARSYNF,20130628,3.75,3.85,3.7,3.85,670345,0
SKUMARSYNF,20130701,3.9,4,3.8,4,277588,0
SKUMARSYNF,20130702,4.2,4.2,4.15,4.2,209556,0
SKUMARSYNF,20130703,4.4,4.4,4.15,4.25,1402931,0
SKUMARSYNF,20130704,4.4,4.4,4.05,4.1,1370061,0
SKUMARSYNF,20130705,4.1,4.3,3.95,4.05,1035599,0
SKUMARSYNF,20130708,4,4.1,3.9,3.9,971890,0
SKUMARSYNF,20130709,4.1,4.1,3.8,3.9,1220159,0
SKUMARSYNF,20130710,4,4,3.8,3.85,1034742,0
SKUMARSYNF,20130711,3.95,4,3.8,3.85,1258666,0
SKUMARSYNF,20130712,3.95,4,3.75,3.75,1362159,681790
SKUMARSYNF,20130715,3.9,3.95,3.75,3.75,1495122,0
SKUMARSYNF,20130716,3.75,4.1,3.65,3.7,3856445,1948061
SKUMARSYNF,20130717,3.75,3.85,3.45,3.5,3670962,0
SKUMARSYNF,20130718,3.6,3.6,3.25,3.4,5292914,0
SKUMARSYNF,20130719,3.45,3.6,3.35,3.5,1901602,984800
SKUMARSYNF,20130722,3.5,3.85,3.45,3.85,1210751,0
SKUMARSYNF,20130723,4.15,4.2,4.05,4.2,3446145,0
SKUMARSYNF,20130724,4.45,4.45,3.95,4.1,2025060,0
SKUMARSYNF,20130725,4,4.15,3.95,4,889775,0
SKUMARSYNF,20130726,4,4.1,3.6,3.75,1251489,604802
SKUMARSYNF,20130729,3.85,3.9,3.65,3.7,649747,0
SKUMARSYNF,20130730,3.7,3.7,3.45,3.55,1528319,0
SKUMARSYNF,20130731,3.55,3.55,3.2,3.2,2866111,0
SKUMARSYNF,20130801,3.2,3.3,3.05,3.05,2300398,0
SKUMARSYNF,20130802,3,3.15,2.9,2.9,1582011,0
SKUMARSYNF,20130805,2.95,3,2.8,2.8,1453297,0
SKUMARSYNF,20130806,2.8,2.8,2.7,2.7,1131701,620168
SKUMARSYNF,20130807,2.65,2.8,2.6,2.8,1507017,0
SKUMARSYNF,20130808,2.8,2.9,2.8,2.9,590393,0
SKUMARSYNF,20130812,3,3,2.95,3,1468246,0
SKUMARSYNF,20130813,2.95,3,2.85,2.95,902974,0
SKUMARSYNF,20130814,2.95,3.05,2.9,3.05,568098,0
SKUMARSYNF,20130816,3.15,3.15,2.9,2.9,1429965,0
SKUMARSYNF,20130819,2.9,2.9,2.8,2.85,589520,0
SKUMARSYNF,20130820,2.9,2.9,2.8,2.85,654968,0
SKUMARSYNF,20130821,2.9,2.9,2.75,2.75,590454,0
SKUMARSYNF,20130822,2.65,2.7,2.65,2.65,917531,0
SKUMARSYNF,20130823,2.65,2.75,2.6,2.7,607076,309469
SKUMARSYNF,20130827,2.65,2.65,2.55,2.55,1105052,0
SKUMARSYNF,20130828,2.5,2.55,2.45,2.5,1211135,0
SKUMARSYNF,20130829,2.5,2.5,2.4,2.4,1189466,0
SKUMARSYNF,20130830,2.3,2.4,2.3,2.35,1906073,0
SKUMARSYNF,20130902,2.35,2.45,2.3,2.4,1465006,0
SKUMARSYNF,20130903,2.45,2.5,2.35,2.45,871475,0
SKUMARSYNF,20130904,2.5,2.55,2.4,2.55,442606,0
SKUMARSYNF,20130905,2.65,2.65,2.65,2.65,166759,0
SKUMARSYNF,20130906,2.75,2.75,2.75,2.75,147700,0
SKUMARSYNF,20130910,2.85,2.85,2.85,2.85,63610,0
SKUMARSYNF,20130911,2.95,2.95,2.95,2.95,85522,0
SKUMARSYNF,20130912,3.05,3.05,3.05,3.05,70321,0
SKUMARSYNF,20130913,3.2,3.2,3.2,3.2,92397,0
SKUMARSYNF,20130916,3.35,3.35,3.35,3.35,159431,159431
SKUMARSYNF,20130917,3.5,3.5,3.5,3.5,146422,146422
SKUMARSYNF,20130918,3.65,3.65,3.35,3.65,3347794,0
SKUMARSYNF,20130919,3.8,3.8,3.7,3.8,978828,0
SKUMARSYNF,20130920,3.95,3.95,3.7,3.8,1490411,0
SKUMARSYNF,20130923,3.7,3.85,3.65,3.65,2002802,1025656
SKUMARSYNF,20130924,3.7,3.75,3.5,3.5,1667009,813092
SKUMARSYNF,20130925,3.4,3.65,3.35,3.55,1179211,0
SKUMARSYNF,20130926,3.65,3.7,3.5,3.55,1016744,0
SKUMARSYNF,20130927,3.7,3.7,3.4,3.4,481207,0
SKUMARSYNF,20130930,3.35,3.4,3.25,3.3,397729,0
SKUMARSYNF,20131001,3.3,3.35,3.15,3.25,200521,0
SKUMARSYNF,20131003,3.25,3.4,3.25,3.4,407559,0
SKUMARSYNF,20131004,3.55,3.55,3.5,3.55,96892,0
SKUMARSYNF,20131007,3.7,3.7,3.7,3.7,98884,0
SKUMARSYNF,20131008,3.85,3.85,3.85,3.85,182363,0
SKUMARSYNF,20131009,4,4,3.7,4,1020073,0
SKUMARSYNF,20131010,4.2,4.2,3.8,3.95,600238,0
SKUMARSYNF,20131011,3.9,4.05,3.8,3.8,556858,0
SKUMARSYNF,20131014,3.8,3.95,3.75,3.95,376516,0
SKUMARSYNF,20131015,3.9,4.05,3.8,4,680055,0
SKUMARSYNF,20131017,4.1,4.1,3.9,3.95,383457,0
SKUMARSYNF,20131018,3.95,4.1,3.9,4.1,457291,0
SKUMARSYNF,20131021,4.3,4.3,4.2,4.3,248726,0
SKUMARSYNF,20131022,4.5,4.5,4.4,4.5,1259134,0
SKUMARSYNF,20131023,4.7,4.7,4.7,4.7,352944,0
SKUMARSYNF,20131024,4.9,4.9,4.9,4.9,345825,0
SKUMARSYNF,20131025,5.1,5.1,5.1,5.1,984958,0
SKUMARSYNF,20131028,5.35,5.35,4.9,5.35,1576656,0
SKUMARSYNF,20131029,5.6,5.6,5.3,5.45,1063475,0
SKUMARSYNF,20131030,5.55,5.55,5.2,5.2,879670,0
SKUMARSYNF,20131031,5.35,5.35,5,5.2,562584,0
SKUMARSYNF,20131101,5.2,5.45,5.05,5.45,503319,0
SKUMARSYNF,20131103,5.7,5.7,5.7,5.7,315407,0
SKUMARSYNF,20131105,5.75,5.95,5.55,5.95,987100,0
SKUMARSYNF,20131106,6,6.2,6,6.2,717235,0
SKUMARSYNF,20131107,6.5,6.5,5.9,6.5,2764859,0
SKUMARSYNF,20131108,6.8,6.8,6.2,6.2,1407237,0
SKUMARSYNF,20131111,6,6.35,6,6.1,739971,0
SKUMARSYNF,20131112,6.15,6.2,5.8,5.8,2400278,0
SKUMARSYNF,20131113,5.8,6.05,5.55,6,1592268,0
SKUMARSYNF,20131114,6.3,6.3,6.1,6.3,384453,0
SKUMARSYNF,20131118,6.6,6.6,6.4,6.5,1125799,0
SKUMARSYNF,20131119,6.75,6.75,6.2,6.3,534464,0
SKUMARSYNF,20131120,6.1,6.3,6,6,446535,0
SKUMARSYNF,20131121,5.85,6.05,5.7,5.85,427097,0
SKUMARSYNF,20131122,5.85,5.9,5.65,5.65,1843666,0
SKUMARSYNF,20131125,5.65,5.9,5.4,5.45,629443,0
SKUMARSYNF,20131126,5.55,5.55,5.25,5.3,475544,0
SKUMARSYNF,20131127,5.45,5.45,5.05,5.15,448449,0
SKUMARSYNF,20131128,5.2,5.3,5.05,5.1,425377,0
SKUMARSYNF,20131129,5.15,5.35,5.15,5.3,347200,0
SKUMARSYNF,20131202,5.3,5.55,5.25,5.55,366302,0
SKUMARSYNF,20131203,5.6,5.8,5.6,5.8,527106,0
SKUMARSYNF,20131204,5.9,6.05,5.85,5.95,652188,0
SKUMARSYNF,20131205,6,6,5.7,5.7,474613,0
SKUMARSYNF,20131206,5.55,5.85,5.45,5.75,258100,0
SKUMARSYNF,20131209,6,6,5.75,5.75,248494,0
SKUMARSYNF,20131210,5.95,6,5.5,5.55,448952,0
SKUMARSYNF,20131211,5.6,5.6,5.3,5.4,336899,0
SKUMARSYNF,20131212,5.2,5.35,5.2,5.25,231633,0
SKUMARSYNF,20131213,5.45,5.45,5.15,5.15,232263,0
SKUMARSYNF,20131216,4.95,5,4.95,5,910292,0
SKUMARSYNF,20131217,4.9,5,4.9,4.95,264650,0
SKUMARSYNF,20131218,5,5.15,4.75,5,859846,0
SKUMARSYNF,20131219,5,5,4.8,4.9,169154,0
SKUMARSYNF,20131220,4.7,5,4.7,5,2005552,0
SKUMARSYNF,20131223,5,5.25,4.9,5.25,484097,0
SKUMARSYNF,20131224,5.5,5.5,5,5.15,1546483,0
SKUMARSYNF,20131226,5.05,5.1,5.05,5.1,446664,0
SKUMARSYNF,20131227,5.1,5.1,4.95,5,480645,0
SKUMARSYNF,20131230,5,5,4.9,4.95,398387,0
SKUMARSYNF,20131231,5.1,5.1,4.9,4.95,562056,0
SKUMARSYNF,20140101,4.95,5.15,4.95,5.1,237330,0
SKUMARSYNF,20140102,5.15,5.35,5.1,5.25,765113,0
SKUMARSYNF,20140103,5.25,5.3,5,5.05,313299,0
SKUMARSYNF,20140106,5.05,5.3,5.05,5.25,386444,0
SKUMARSYNF,20140107,5.25,5.3,5.05,5.15,349616,0
SKUMARSYNF,20140108,5.3,5.3,5,5.05,450252,0
SKUMARSYNF,20140109,5.05,5.05,4.9,4.9,297082,0
SKUMARSYNF,20140110,5,5.1,4.8,4.9,324172,0
SKUMARSYNF,20140113,5,5,4.85,4.85,123949,0
SKUMARSYNF,20140114,4.85,4.9,4.8,4.8,171252,0
SKUMARSYNF,20140115,4.8,4.8,4.6,4.65,317133,0
SKUMARSYNF,20140116,4.8,4.8,4.45,4.45,405195,0
SKUMARSYNF,20140117,4.4,4.65,4.25,4.6,427536,0
SKUMARSYNF,20140120,4.4,4.75,4.4,4.5,147852,0
SKUMARSYNF,20140121,4.55,4.6,4.4,4.4,176737,0
SKUMARSYNF,20140122,4.4,4.5,4.3,4.4,306187,0
SKUMARSYNF,20140123,4.4,4.4,4.25,4.3,326730,0
SKUMARSYNF,20140124,4.2,4.35,4.1,4.1,396221,0
SKUMARSYNF,20140127,4,4.1,3.95,4,331574,0
SKUMARSYNF,20140128,4,4.1,3.8,3.85,329777,0
SKUMARSYNF,20140129,3.8,3.95,3.8,3.85,382184,0
SKUMARSYNF,20140130,3.75,3.8,3.7,3.7,311347,0
SKUMARSYNF,20140131,3.55,3.85,3.55,3.85,229147,0
SKUMARSYNF,20140203,4,4,3.9,4,164259,0
SKUMARSYNF,20140204,4,4.15,3.85,4.1,245840,0
SKUMARSYNF,20140205,4.1,4.1,3.9,3.9,353493,0
SKUMARSYNF,20140206,3.9,4.05,3.8,4,229752,0
SKUMARSYNF,20140207,4,4.1,3.9,4,119574,0
SKUMARSYNF,20140210,4.15,4.15,3.95,4,1487379,0
SKUMARSYNF,20140211,4,4.05,3.9,4,1493272,0
SKUMARSYNF,20140212,3.95,4.05,3.95,4,91993,0
SKUMARSYNF,20140213,3.9,4,3.8,3.9,168955,0
SKUMARSYNF,20140214,3.9,3.9,3.8,3.85,113902,0
SKUMARSYNF,20140217,3.8,3.85,3.7,3.7,146844,0
SKUMARSYNF,20140218,3.55,3.75,3.55,3.65,261525,0
SKUMARSYNF,20140219,3.6,3.65,3.5,3.6,152261,0
SKUMARSYNF,20140220,3.6,3.6,3.45,3.55,238805,0
SKUMARSYNF,20140221,3.6,3.7,3.55,3.7,124666,0
SKUMARSYNF,20140224,3.85,3.85,3.7,3.85,185046,0
SKUMARSYNF,20140225,4,4,3.95,3.95,278071,0
SKUMARSYNF,20140226,4.1,4.1,3.85,3.9,259498,0
SKUMARSYNF,20140228,3.8,3.95,3.75,3.75,168838,0
SKUMARSYNF,20140303,3.7,3.85,3.65,3.7,199201,0
SKUMARSYNF,20140304,3.7,3.75,3.55,3.55,604100,0
SKUMARSYNF,20140305,3.5,3.55,3.4,3.4,875984,0
SKUMARSYNF,20140306,3.4,3.4,3.25,3.25,766437,0
SKUMARSYNF,20140307,3.25,3.25,2.95,3,3561737,2429605
SKUMARSYNF,20140310,3,3,2.85,3,1291762,0
SKUMARSYNF,20140311,3,3.05,2.95,3,1262580,0
SKUMARSYNF,20140312,2.95,3,2.85,3,718856,0
SKUMARSYNF,20140313,2.95,3,2.9,2.95,906276,0
SKUMARSYNF,20140314,2.9,2.9,2.85,2.85,589976,0
SKUMARSYNF,20140318,2.85,3.05,2.85,3,1010879,0
SKUMARSYNF,20140319,3,3,2.95,2.95,561710,0
SKUMARSYNF,20140320,2.9,3,2.85,2.9,648895,0
SKUMARSYNF,20140321,2.9,3,2.9,2.95,692281,0
SKUMARSYNF,20140322,3,3,2.9,2.95,55740,0
SKUMARSYNF,20140324,3,3,2.9,2.95,2333622,0
SKUMARSYNF,20140325,3,3,2.85,2.95,1011296,0
SKUMARSYNF,20140326,2.95,3,2.7,2.8,1401160,0
SKUMARSYNF,20140327,2.8,3.05,2.6,3,1669532,0
SKUMARSYNF,20140328,3.15,3.3,3.1,3.3,1336595,0
SKUMARSYNF,20140331,3.55,3.6,3.5,3.6,1122427,0
SKUMARSYNF,20140401,3.9,3.95,3.8,3.95,2255273,0
SKUMARSYNF,20140402,4.1,4.1,4,4.1,721403,0
SKUMARSYNF,20140403,4.3,4.3,4.1,4.3,1801003,0
SKUMARSYNF,20140404,4.5,4.5,4.45,4.5,990645,0
SKUMARSYNF,20140407,4.7,4.7,4.7,4.7,365745,0
SKUMARSYNF,20140409,4.9,4.9,4.9,4.9,292978,0
SKUMARSYNF,20140410,5.1,5.1,4.7,4.85,5254355,0
SKUMARSYNF,20140411,4.8,4.85,4.65,4.65,1484342,0
SKUMARSYNF,20140415,4.45,4.6,4.45,4.45,239926,0
SKUMARSYNF,20140416,4.35,4.35,4.25,4.25,139263,0
SKUMARSYNF,20140417,4.05,4.45,4.05,4.45,971073,0
SKUMARSYNF,20140421,4.65,4.65,4.55,4.65,477601,0
SKUMARSYNF,20140422,4.85,4.85,4.85,4.85,435328,0
SKUMARSYNF,20140423,5.05,5.05,4.8,4.85,1416215,0
SKUMARSYNF,20140425,4.7,5.05,4.65,5.05,1275191,0
SKUMARSYNF,20140428,5,5.3,4.8,4.8,1075024,0
SKUMARSYNF,20140429,4.7,4.85,4.6,4.65,503721,0
SKUMARSYNF,20140430,4.75,4.85,4.45,4.5,697197,0
SKUMARSYNF,20140502,4.5,4.6,4.3,4.35,361546,0
SKUMARSYNF,20140505,4.3,4.5,4.2,4.3,1807111,0
SKUMARSYNF,20140506,4.3,4.35,4.15,4.2,368397,0
SKUMARSYNF,20140507,4.3,4.3,4,4.05,665534,0
SKUMARSYNF,20140508,4.15,4.15,3.9,4,908202,0
SKUMARSYNF,20140509,4.15,4.15,3.9,4.1,510532,0
SKUMARSYNF,20140512,4.1,4.25,4.1,4.2,509412,0
SKUMARSYNF,20140513,4.05,4.25,4.05,4.05,476245,0
SKUMARSYNF,20140514,4.15,4.25,4,4.25,340649,0
SKUMARSYNF,20140515,4.45,4.45,4.15,4.4,614782,0
SKUMARSYNF,20140516,4.3,4.55,4.2,4.2,522630,0
SKUMARSYNF,20140519,4.05,4.4,4.05,4.4,1311547,0
SKUMARSYNF,20140520,4.5,4.6,4.5,4.6,910621,0
SKUMARSYNF,20140521,4.8,4.8,4.75,4.8,862779,0
SKUMARSYNF,20140522,5,5,4.95,5,796559,0
SKUMARSYNF,20140523,5.25,5.25,5.25,5.25,434082,0
SKUMARSYNF,20140526,5.5,5.5,5,5.05,2066472,0
SKUMARSYNF,20140527,4.85,5,4.8,4.8,807258,0
SKUMARSYNF,20140528,4.7,4.85,4.6,4.7,1192482,0
SKUMARSYNF,20140529,4.85,4.9,4.6,4.9,568871,0
SKUMARSYNF,20140530,5,5.05,4.8,4.85,393842,0
SKUMARSYNF,20140602,4.85,5,4.8,4.9,635862,0
SKUMARSYNF,20140603,4.9,5,4.8,4.85,446485,0
SKUMARSYNF,20140604,4.85,5.05,4.85,5.05,948293,0
SKUMARSYNF,20140605,5.2,5.3,5.1,5.3,964393,0
SKUMARSYNF,20140606,5.55,5.55,5.25,5.55,1795450,0
SKUMARSYNF,20140609,5.8,5.8,5.65,5.8,1245757,0
SKUMARSYNF,20140610,6.05,6.05,5.65,6.05,1963061,0
SKUMARSYNF,20140611,6.35,6.35,6.35,6.35,956011,0
SKUMARSYNF,20140612,6.65,6.65,6.05,6.45,1895881,0
SKUMARSYNF,20140613,6.5,6.75,6.15,6.15,1642917,0
SKUMARSYNF,20140616,5.85,6,5.85,5.85,351402,0
SKUMARSYNF,20140617,5.6,6.1,5.6,6.1,2133573,0
SKUMARSYNF,20140618,6.15,6.4,5.85,6.05,1958228,0
SKUMARSYNF,20140619,6.1,6.2,5.75,5.85,997091,0
SKUMARSYNF,20140620,5.75,5.85,5.6,5.6,1313852,0
SKUMARSYNF,20140623,5.45,5.8,5.35,5.75,1727522,0
SKUMARSYNF,20140624,5.7,5.95,5.7,5.85,1471541,0
SKUMARSYNF,20140625,5.95,5.95,5.7,5.8,634411,0
SKUMARSYNF,20140626,5.75,5.9,5.6,5.7,665003,0
SKUMARSYNF,20140627,5.7,5.95,5.7,5.9,1079619,0
SKUMARSYNF,20140630,5.9,6.15,5.9,6.15,1412310,0
SKUMARSYNF,20140701,6.3,6.4,6.05,6.25,1559103,0
SKUMARSYNF,20140702,6.35,6.45,5.95,6.2,1779502,0
SKUMARSYNF,20140703,6.25,6.35,6,6.05,1230086,0
SKUMARSYNF,20140704,6.2,6.25,5.85,6.05,1083454,0
SKUMARSYNF,20140707,6.1,6.25,5.95,6,1037715,0
SKUMARSYNF,20140708,5.85,6.1,5.4,5.5,1649223,0
SKUMARSYNF,20140709,5.3,5.7,5.25,5.45,1399979,0
SKUMARSYNF,20140710,5.5,5.95,5.1,5.7,2284799,0
SKUMARSYNF,20140711,5.75,5.75,5.15,5.15,1746948,0
SKUMARSYNF,20140714,5.15,5.3,4.9,5,831856,0
SKUMARSYNF,20140715,5,5.5,5,5.45,1011339,0
SKUMARSYNF,20140716,5.7,5.7,5.4,5.5,863500,0
SKUMARSYNF,20140717,5.55,5.7,5.4,5.5,622590,376603
SKUMARSYNF,20140718,5.45,5.7,5.25,5.45,917315,333980
SKUMARSYNF,20140721,5.7,5.95,5.5,5.9,1617104,0
SKUMARSYNF,20140722,6.15,6.45,6.1,6.45,4013419,0
SKUMARSYNF,20140723,6.7,7.05,6.45,6.7,2579144,0
SKUMARSYNF,20140724,6.8,6.8,6.3,6.45,1339328,0
SKUMARSYNF,20140725,6.55,6.55,6,6.15,1766081,0
SKUMARSYNF,20140728,6.05,6.4,6.05,6.1,630008,0
SKUMARSYNF,20140730,6.05,6.45,6.05,6.3,1089199,0
SKUMARSYNF,20140731,6.2,6.4,6,6.05,1232587,0
SKUMARSYNF,20140801,6,6.1,5.85,5.9,433355,0
SKUMARSYNF,20140804,6,6,5.7,5.75,553650,0
SKUMARSYNF,20140805,5.9,6.15,5.75,5.9,941461,0
SKUMARSYNF,20140806,5.9,6.15,5.8,5.9,1244046,0
SKUMARSYNF,20140807,5.9,6,5.6,5.75,635593,0
SKUMARSYNF,20140808,5.6,5.7,5.1,5.4,826299,0
SKUMARSYNF,20140811,5.65,5.85,5.45,5.7,1533882,0
SKUMARSYNF,20140812,5.75,5.9,5.45,5.7,1014563,0
SKUMARSYNF,20140813,5.65,5.75,5.2,5.3,1006045,0
SKUMARSYNF,20140814,5.45,5.45,4.9,5.1,1342261,0
SKUMARSYNF,20140818,5,5.15,4.75,4.9,2697687,0
SKUMARSYNF,20140819,4.95,5.1,4.85,5.05,2555758,0
SKUMARSYNF,20140820,5.1,5.15,4.95,5.05,1881270,0
SKUMARSYNF,20140821,5.1,5.15,4.85,4.9,2118225,0
SKUMARSYNF,20140822,5.05,5.05,4.6,4.75,2876087,0
SKUMARSYNF,20140825,4.9,5,4.75,4.8,594619,0
SKUMARSYNF,20140826,4.7,4.85,4.4,4.45,1823917,0
SKUMARSYNF,20140827,4.85,4.85,4.5,4.55,1793716,0
SKUMARSYNF,20140828,4.6,4.65,4.55,4.55,356019,0
SKUMARSYNF,20140901,4.5,4.85,4.5,4.8,2155085,0
SKUMARSYNF,20140902,4.85,5.25,4.85,5.05,1265118,0
SKUMARSYNF,20140903,5.15,5.3,5.1,5.1,846053,0
SKUMARSYNF,20140904,5.15,5.25,4.75,4.8,2823818,0
SKUMARSYNF,20140905,4.75,4.85,4.35,4.65,1882529,0
SKUMARSYNF,20140908,4.95,4.95,4.6,4.9,587465,0
SKUMARSYNF,20140909,5,5,4.75,4.8,1964609,0
SKUMARSYNF,20140910,4.9,5.45,4.7,5.2,2647810,0
SKUMARSYNF,20140911,5.3,5.35,5.05,5.1,2548759,0
SKUMARSYNF,20140912,5.2,5.2,5,5.1,2451755,0
SKUMARSYNF,20140915,5.1,5.6,5,5.35,2011609,0
SKUMARSYNF,20140916,5.4,5.7,5,5,3032562,0
SKUMARSYNF,20140917,4.9,5.25,4.9,5,893978,0
SKUMARSYNF,20140918,5.05,5.25,5,5.15,682897,305904
SKUMARSYNF,20140919,5.1,5.2,5,5,727090,378794
SKUMARSYNF,20140922,5,5.05,4.9,4.95,560583,267652
SKUMARSYNF,20140923,4.9,5.1,4.8,4.85,603905,327246
SKUMARSYNF,20140924,4.85,4.95,4.6,4.6,707767,368745
SKUMARSYNF,20140925,4.7,4.7,4.3,4.4,905165,572764
SKUMARSYNF,20140926,4.5,4.55,4.25,4.45,608510,279645
SKUMARSYNF,20140929,4.45,4.7,4.4,4.55,499994,194345
SKUMARSYNF,20140930,4.7,4.7,4.5,4.5,327485,0
SKUMARSYNF,20141001,4.5,4.8,4.5,4.55,426865,0
SKUMARSYNF,20141007,4.6,4.65,4.45,4.55,463877,0
SKUMARSYNF,20141008,4.5,4.65,4.45,4.45,447543,0
SKUMARSYNF,20141009,4.55,4.65,4.45,4.6,576318,294385
SKUMARSYNF,20141010,4.6,4.6,4.45,4.5,287375,126227
SKUMARSYNF,20141013,4.45,4.5,4.35,4.45,304990,160369
SKUMARSYNF,20141014,4.5,4.5,4.25,4.4,462146,127752
SKUMARSYNF,20141016,4.3,4.4,4.05,4.15,533131,273953
SKUMARSYNF,20141017,4.15,4.25,4.05,4.15,647417,156469
SKUMARSYNF,20141020,4.2,4.5,4.2,4.35,813418,214577
SKUMARSYNF,20141021,4.35,4.45,4.15,4.25,525377,287667
SKUMARSYNF,20141022,4.3,4.5,4.3,4.4,633300,239004
SKUMARSYNF,20141023,4.45,4.5,4.4,4.45,132420,87747
SKUMARSYNF,20141027,4.45,4.55,4.4,4.5,483698,278247
SKUMARSYNF,20141028,4.5,4.55,4.4,4.45,422981,272643
SKUMARSYNF,20141029,4.45,4.5,4.4,4.45,348456,225364
SKUMARSYNF,20141030,4.45,4.5,4.35,4.4,313813,162388
SKUMARSYNF,20141031,4.45,4.5,4.4,4.45,458171,308967
SKUMARSYNF,20141103,4.55,4.65,4.4,4.45,787726,277830
SKUMARSYNF,20141105,4.45,5.1,4.45,4.85,1846977,739522
SKUMARSYNF,20141107,4.95,5.25,4.8,4.9,936601,535335
SKUMARSYNF,20141110,4.9,5.1,4.65,4.7,629823,368170
SKUMARSYNF,20141111,4.75,5.05,4.6,4.95,1013643,585504
SKUMARSYNF,20141112,5,5,4.6,4.7,862521,559634
SKUMARSYNF,20141113,4.75,4.75,4.5,4.5,519284,222322
SKUMARSYNF,20141114,4.5,4.6,4.4,4.45,552677,288054
SKUMARSYNF,20141117,4.45,4.55,4.35,4.45,407019,199066
SKUMARSYNF,20141118,4.45,4.55,4.4,4.45,441769,266887
SKUMARSYNF,20141119,4.45,4.5,4.25,4.3,602449,353465
SKUMARSYNF,20141120,4.3,4.35,4.2,4.2,348075,228536
SKUMARSYNF,20141121,4.2,4.35,4.15,4.2,652856,251250
SKUMARSYNF,20141124,4.25,4.35,4.15,4.2,421481,200545
SKUMARSYNF,20141125,4.2,4.2,3.95,4,697079,330289
SKUMARSYNF,20141126,4,4.2,3.9,4.1,696245,0
SKUMARSYNF,20141127,4.1,4.15,3.85,4,342558,0
SKUMARSYNF,20141128,4,4.1,3.95,4,476913,0
SKUMARSYNF,20141201,4.05,4.1,3.95,4,266103,0
SKUMARSYNF,20141202,4.05,4.1,3.9,4.05,414215,185493
SKUMARSYNF,20141203,4,4.1,3.95,4,489611,0
SKUMARSYNF,20141204,4.05,4.25,4,4.1,603377,0
SKUMARSYNF,20141205,4.1,4.45,4.1,4.2,976788,406065
SKUMARSYNF,20141208,4.4,4.4,4.15,4.15,277843,0
SKUMARSYNF,20141209,4.15,4.25,4,4,334498,0
SKUMARSYNF,20141210,4.05,4.15,3.95,4,228390,0
SKUMARSYNF,20141211,4,4.05,3.95,3.95,282675,0
SKUMARSYNF,20141212,4.05,4.05,3.85,3.85,618820,0
SKUMARSYNF,20141215,3.9,3.95,3.8,3.8,305396,0
SKUMARSYNF,20141216,3.8,3.8,3.45,3.6,478842,0
SKUMARSYNF,20141217,3.6,3.7,3.3,3.65,501954,0
SKUMARSYNF,20141218,3.75,3.95,3.65,3.8,957634,0
SKUMARSYNF,20141219,3.85,3.95,3.65,3.7,620114,357817
SKUMARSYNF,20141222,4.1,4.1,3.75,3.75,771903,0
SKUMARSYNF,20141223,3.85,3.85,3.4,3.55,497943,0
SKUMARSYNF,20141224,3.65,3.75,3.45,3.65,502795,0
SKUMARSYNF,20141226,3.75,3.75,3.6,3.6,343492,0
SKUMARSYNF,20141229,3.6,3.75,3.5,3.55,812908,0
SKUMARSYNF,20141230,3.55,3.6,3.5,3.55,170502,0
SKUMARSYNF,20141231,3.6,3.65,3.5,3.6,514816,312443
SKUMARSYNF,20150101,3.6,3.7,3.45,3.55,1290142,0
SKUMARSYNF,20150102,3.55,3.6,3.45,3.45,744006,582545
SKUMARSYNF,20150105,3.5,3.6,3.4,3.45,799858,0
SKUMARSYNF,20150106,3.4,3.45,3.35,3.35,424159,0
SKUMARSYNF,20150107,3.3,3.4,3.25,3.35,659494,0
SKUMARSYNF,20150108,3.4,3.5,3.4,3.45,363756,0
SKUMARSYNF,20150109,3.5,3.5,3.35,3.4,277320,0
SKUMARSYNF,20150112,3.35,3.45,3.35,3.35,282583,188368
SKUMARSYNF,20150113,3.45,3.55,3.35,3.4,336345,0
SKUMARSYNF,20150114,3.4,3.5,3.2,3.25,1324902,0
SKUMARSYNF,20150115,3.25,3.45,3.25,3.3,704700,0
SKUMARSYNF,20150116,3.3,3.35,3.25,3.3,209370,0
SKUMARSYNF,20150119,3.4,3.4,3.15,3.2,478719,0
SKUMARSYNF,20150120,3.25,3.8,3.2,3.45,4069271,0
SKUMARSYNF,20150121,3.45,3.5,3.25,3.35,899205,624318
SKUMARSYNF,20150122,3.35,3.6,3.3,3.4,629229,0
SKUMARSYNF,20150123,3.45,3.45,3.25,3.25,447459,0
SKUMARSYNF,20150127,3.35,3.4,3.3,3.3,154176,0
SKUMARSYNF,20150128,3.35,3.35,3.25,3.25,330761,0
SKUMARSYNF,20150129,3.25,3.35,3.2,3.25,296861,0
SKUMARSYNF,20150130,3.25,3.3,3.2,3.25,306766,0
SKUMARSYNF,20150202,3.2,3.6,3.2,3.5,1848032,0
SKUMARSYNF,20150203,3.55,3.55,3.35,3.4,212230,0
SKUMARSYNF,20150204,3.35,3.5,3.35,3.4,1301339,0
SKUMARSYNF,20150205,3.5,3.5,3.35,3.35,218954,0
SKUMARSYNF,20150206,3.35,3.45,3.3,3.3,294185,0
SKUMARSYNF,20150209,3.3,3.35,3.25,3.25,283198,0
SKUMARSYNF,20150210,3.25,3.3,3.1,3.15,542172,0
SKUMARSYNF,20150211,3.2,3.25,3.05,3.1,436260,299123
SKUMARSYNF,20150212,3.1,3.2,3.05,3.1,585469,0
SKUMARSYNF,20150213,3.1,3.15,3,3.05,396315,198821
SKUMARSYNF,20150216,3,3.15,3,3.15,417382,245804
SKUMARSYNF,20150218,3.2,3.45,3.1,3.3,751282,0
SKUMARSYNF,20150219,3.35,3.35,3.15,3.2,295047,176220
SKUMARSYNF,20150220,3.3,3.55,3.2,3.45,2599342,0
SKUMARSYNF,20150223,3.45,3.5,3.35,3.4,380025,245173
SKUMARSYNF,20150224,3.4,3.6,3.4,3.45,696639,452248
SKUMARSYNF,20150225,3.45,3.45,3.35,3.4,212578,0
SKUMARSYNF,20150226,3.5,3.5,3.35,3.35,349085,0
SKUMARSYNF,20150227,3.4,3.6,3.4,3.45,2189181,0
SKUMARSYNF,20150228,3.5,3.55,3.35,3.4,2052128,1857504
SKUMARSYNF,20150302,3.4,3.5,3.3,3.4,532397,292418
SKUMARSYNF,20150303,3.4,3.45,3.25,3.4,537797,260875
SKUMARSYNF,20150304,3.35,3.4,3.2,3.25,321740,258121
SKUMARSYNF,20150305,3.25,3.3,3.15,3.2,291034,0
SKUMARSYNF,20150309,3.2,3.35,3.1,3.15,468036,0
SKUMARSYNF,20150310,3.2,3.2,3.1,3.15,134216,0
SKUMARSYNF,20150311,3.15,3.25,3.05,3.1,378749,0
SKUMARSYNF,20150312,3.1,3.2,3,3.05,263058,0
SKUMARSYNF,20150313,3.05,3.1,3,3,302908,0
SKUMARSYNF,20150316,3.1,3.1,2.9,2.95,280767,0
SKUMARSYNF,20150317,3,3,2.85,2.9,387523,0
SKUMARSYNF,20150318,2.95,3.05,2.85,3,476189,0
SKUMARSYNF,20150319,3,3.05,2.95,2.95,433305,0
SKUMARSYNF,20150320,2.95,3.05,2.85,2.85,980631,0
SKUMARSYNF,20150323,2.9,2.9,2.8,2.85,252756,0
SKUMARSYNF,20150324,2.85,2.85,2.65,2.7,488241,0
SKUMARSYNF,20150325,2.7,2.75,2.6,2.6,1991346,0
SKUMARSYNF,20150326,2.65,2.7,2.5,2.6,612016,0
SKUMARSYNF,20150327,2.7,2.7,2.45,2.5,827069,0
SKUMARSYNF,20150330,2.5,3,2.5,3,856437,0
